Date,Open,High,Low,Close,Volume
09-28-1994,182.73,187.58,181.11,184.35,6069
09-29-1994,187.58,187.58,182.73,182.73,19006
09-30-1994,184.35,187.58,182.73,187.58,13192
10-03-1994,183.54,185.15,181.11,182.73,7556
10-04-1994,181.11,181.11,173.03,173.83,5218
10-05-1994,171.41,171.41,160.09,168.98,10274
10-06-1994,169.79,174.64,169.79,171.41,3285
10-07-1994,171.41,171.41,169.79,169.79,1026
10-10-1994,168.18,168.18,168.18,168.18,66
10-11-1994,168.18,169.79,168.18,168.98,1383
10-12-1994,168.18,168.98,164.94,168.18,3424
10-13-1994,171.41,171.41,166.56,167.37,30621
10-14-1994,166.56,168.18,166.56,166.56,738
10-17-1994,168.18,168.18,167.37,168.18,2839
10-18-1994,164.94,171.41,163.32,164.94,5433
10-19-1994,161.71,164.13,161.71,161.71,3239
10-20-1994,162.92,165.75,161.71,164.13,2064
10-21-1994,161.71,164.94,161.71,162.52,1718
10-24-1994,161.71,161.71,158.47,158.47,14600
10-25-1994,158.47,160.09,156.86,156.86,4628
10-26-1994,156.86,158.47,155.24,155.24,1525
10-27-1994,156.86,156.86,150.39,153.62,10625
10-28-1994,156.86,158.47,156.86,158.47,1315
10-31-1994,158.47,161.71,158.47,159.28,21649
11-01-1994,161.71,169.79,158.47,169.79,11371
11-02-1994,171.41,176.26,169.79,173.03,6310
11-03-1994,169.79,171.41,168.18,169.79,17088
11-04-1994,171.41,171.41,168.18,168.18,2664
11-07-1994,168.18,169.79,163.32,164.94,9176
11-08-1994,166.56,166.56,158.47,160.90,13733
11-09-1994,163.32,163.32,155.24,156.86,4738
11-10-1994,156.86,158.47,155.24,155.24,619
11-11-1994,157.66,158.47,155.24,156.05,1273
11-14-1994,158.47,162.11,155.24,157.66,14557
11-15-1994,160.09,163.32,160.09,163.32,4996
11-16-1994,163.32,168.18,161.71,164.94,20601
11-17-1994,164.94,168.18,164.94,164.94,23398
11-18-1994,164.94,166.56,164.94,166.56,976
11-21-1994,166.56,167.37,164.94,166.56,11694
11-22-1994,163.32,168.18,163.32,163.32,9917
11-23-1994,161.71,166.56,161.71,161.71,8032
11-25-1994,166.56,166.56,164.94,164.94,79
11-28-1994,161.71,166.56,161.71,166.56,2126
11-29-1994,163.32,169.79,163.32,168.18,3546
11-30-1994,168.18,171.41,164.94,168.18,8166
12-01-1994,171.41,171.41,169.79,170.20,5806
12-02-1994,169.79,171.41,168.18,169.79,1244
12-05-1994,169.79,177.07,168.18,173.03,12635
12-06-1994,174.64,174.64,172.22,172.22,800
12-07-1994,173.03,173.03,171.41,171.41,174
12-08-1994,173.03,174.64,171.41,172.22,14832
12-09-1994,169.79,174.64,169.79,171.41,8416
12-12-1994,172.22,173.03,169.79,173.03,4321
12-13-1994,169.79,171.41,166.56,166.56,19469
12-14-1994,166.56,166.56,163.32,165.75,12883
12-15-1994,163.32,164.94,160.09,163.32,4445
12-16-1994,164.94,167.37,161.71,164.94,8850
12-19-1994,166.56,168.18,163.32,168.18,18541
12-20-1994,169.39,177.88,166.56,177.07,21098
12-21-1994,179.50,184.35,179.50,182.73,18435
12-22-1994,182.73,182.73,181.11,181.11,6297
12-23-1994,182.73,183.14,182.73,183.14,3840
12-27-1994,184.35,184.35,181.11,183.54,2340
12-28-1994,184.35,184.35,181.11,183.54,1865
12-29-1994,181.11,184.35,181.11,183.54,754
12-30-1994,182.73,185.96,182.73,182.73,5789
01-03-1995,181.11,185.96,181.11,181.11,6669
01-04-1995,181.11,182.73,173.03,174.64,15561
01-05-1995,176.26,177.88,173.03,175.45,20705
01-06-1995,177.88,177.88,170.60,171.41,21169
01-09-1995,170.60,173.03,166.56,173.03,4647
01-10-1995,169.79,177.07,169.79,173.83,6967
01-11-1995,173.03,173.03,167.37,168.98,4304
01-12-1995,171.41,171.41,166.56,168.18,7361
01-13-1995,168.98,174.64,166.56,171.41,6638
01-16-1995,174.64,176.26,171.41,176.26,19055
01-17-1995,173.03,173.03,166.56,166.56,40204
01-18-1995,168.98,171.41,164.94,168.18,14574
01-19-1995,166.56,168.18,164.94,165.75,1601
01-20-1995,164.94,166.56,160.09,161.71,3702
01-23-1995,161.71,161.71,156.86,157.66,10625
01-24-1995,155.24,156.86,154.43,154.43,9128
01-25-1995,154.03,159.28,153.62,159.28,10502
01-26-1995,160.09,160.09,156.86,156.86,886
01-27-1995,160.09,161.71,156.86,158.88,3437
01-30-1995,163.32,163.32,158.47,160.09,462
01-31-1995,159.28,163.32,158.47,158.47,815
02-01-1995,161.71,161.71,156.86,157.66,1202
02-02-1995,161.71,166.56,160.90,163.32,7924
02-03-1995,164.94,171.41,164.94,168.18,11651
02-06-1995,169.79,171.41,167.37,168.98,9499
02-07-1995,171.41,172.22,168.18,170.60,6038
02-08-1995,173.03,173.03,169.79,170.60,14200
02-09-1995,171.41,173.03,169.79,169.79,15981
02-10-1995,169.79,170.60,169.79,170.60,1216
02-13-1995,169.79,173.03,169.79,171.41,1510
02-14-1995,169.79,173.03,169.79,173.03,1998
02-15-1995,169.79,170.60,166.56,168.18,4996
02-16-1995,166.56,169.79,160.09,160.90,10009
02-17-1995,160.09,162.52,158.47,160.09,20260
02-21-1995,158.47,159.28,156.86,158.47,12532
02-22-1995,156.86,156.86,152.00,152.00,19024
02-23-1995,151.20,151.20,143.92,148.77,30722
02-24-1995,152.00,158.47,150.39,150.39,26537
02-27-1995,152.00,152.00,147.56,147.56,5373
02-28-1995,147.15,152.00,142.30,152.00,81327
03-01-1995,153.62,155.24,147.15,147.96,21448
03-02-1995,145.54,147.15,142.30,147.15,16238
03-03-1995,147.15,147.15,145.54,147.15,1091
03-06-1995,145.54,148.77,145.54,147.96,6280
03-07-1995,150.39,150.39,140.68,145.54,20524
03-08-1995,143.92,147.96,143.92,145.54,9270
03-09-1995,145.54,145.54,142.30,143.11,14587
03-10-1995,147.15,148.77,145.54,145.54,1588
03-13-1995,147.15,152.00,145.54,149.58,31669
03-14-1995,147.15,152.00,147.15,150.39,18852
03-15-1995,148.77,150.39,147.15,148.77,10906
03-16-1995,145.94,148.77,145.94,145.94,29043
03-17-1995,147.15,149.58,147.15,149.58,4966
03-20-1995,147.96,149.58,147.96,148.77,2126
03-21-1995,147.15,148.77,147.15,148.77,3069
03-22-1995,147.15,147.15,147.15,147.15,92
03-23-1995,147.35,147.96,147.15,147.15,2374
03-24-1995,150.39,150.39,148.77,148.77,1849
03-27-1995,148.77,152.00,148.77,152.00,3935
03-28-1995,151.20,155.24,151.20,155.24,6439
03-29-1995,155.24,160.09,155.24,156.86,6728
03-30-1995,155.24,156.86,153.62,156.86,1259
03-31-1995,158.47,158.47,153.62,156.05,2064
04-03-1995,155.24,156.86,153.62,154.43,8324
04-04-1995,158.47,158.47,156.05,156.05,189
04-05-1995,156.86,156.86,152.00,154.43,6038
04-06-1995,153.62,155.24,152.00,154.43,38074
04-07-1995,152.81,152.81,150.39,150.39,1383
04-10-1995,150.39,152.00,150.39,152.00,18666
04-11-1995,152.00,156.05,152.00,154.43,12732
04-12-1995,155.24,156.86,155.24,156.05,134
04-13-1995,155.24,158.47,153.62,156.86,4196
04-17-1995,156.86,157.66,155.24,156.05,2064
04-18-1995,156.05,158.47,156.05,156.86,4628
04-19-1995,155.24,156.05,153.62,155.24,2374
04-20-1995,155.24,155.24,154.43,154.43,52
04-21-1995,153.62,158.47,152.00,158.47,30898
04-24-1995,158.47,161.71,156.86,160.90,6422
04-25-1995,160.90,160.90,156.86,158.47,8975
04-26-1995,158.47,160.90,158.47,158.47,3142
04-27-1995,159.28,159.28,158.47,159.28,1091
04-28-1995,160.09,160.09,156.86,156.86,3546
05-01-1995,159.28,166.56,158.47,164.94,15270
05-02-1995,163.32,171.41,163.32,169.79,6162
05-03-1995,168.18,168.58,166.56,166.56,3455
05-04-1995,166.56,168.18,163.32,165.75,16335
05-05-1995,161.71,163.32,161.71,163.32,668
05-08-1995,163.32,165.75,163.32,165.75,3069
05-09-1995,164.94,166.56,163.32,164.94,1510
05-10-1995,169.79,169.79,150.39,150.39,16099
05-11-1995,148.77,148.77,145.54,147.15,51211
05-12-1995,147.15,148.77,146.35,148.77,5110
05-15-1995,147.15,150.39,146.35,148.77,8106
05-16-1995,147.15,150.39,147.15,148.77,12852
05-17-1995,148.77,148.77,144.93,144.93,11540
05-18-1995,143.11,143.92,136.24,136.64,20446
05-19-1995,135.83,142.30,135.83,141.49,22889
05-22-1995,142.30,142.30,135.83,139.07,15315
05-23-1995,139.07,140.68,137.45,139.88,4272
05-24-1995,139.88,140.68,135.83,139.88,26862
05-25-1995,140.68,140.68,137.45,137.45,7734
05-26-1995,139.07,139.07,137.45,139.07,17472
05-30-1995,139.07,139.88,137.45,139.07,9517
05-31-1995,139.07,140.68,139.07,139.88,8494
06-01-1995,139.07,143.92,139.07,143.92,14029
06-02-1995,141.49,149.58,141.49,148.77,10769
06-05-1995,148.77,155.24,148.77,153.62,9562
06-06-1995,155.24,155.24,152.00,154.43,3285
06-07-1995,156.86,156.86,147.15,152.00,5650
06-08-1995,150.39,150.39,147.15,150.39,3437
06-09-1995,150.39,150.39,146.35,147.15,4832
06-12-1995,148.77,148.77,143.92,147.15,3733
06-13-1995,148.77,148.77,145.54,147.15,4891
06-14-1995,148.77,153.62,148.77,153.62,13088
06-15-1995,153.62,156.05,152.00,154.43,8568
06-16-1995,156.05,156.05,150.39,152.00,8138
06-19-1995,153.62,153.62,149.58,151.60,353
06-20-1995,149.58,153.62,148.77,152.00,5343
06-21-1995,148.77,154.43,148.77,154.43,2957
06-22-1995,154.43,154.43,152.00,152.00,6624
06-23-1995,150.39,154.43,150.39,152.00,1332
06-26-1995,156.86,156.86,152.00,153.62,33665
06-27-1995,155.24,155.24,152.00,152.00,31697
06-28-1995,153.62,153.62,151.20,153.62,2758
06-29-1995,153.62,153.62,151.20,152.81,9766
06-30-1995,153.62,153.62,151.20,152.00,1556
07-03-1995,153.62,156.86,152.00,152.00,3687
07-05-1995,156.86,156.86,152.00,154.43,4661
07-06-1995,155.24,155.24,153.62,155.24,7673
07-07-1995,155.24,156.86,154.43,156.86,1170
07-10-1995,156.86,156.86,152.00,154.43,5246
07-11-1995,156.05,156.05,153.62,153.62,8403
07-12-1995,156.05,164.94,153.62,164.94,12563
07-13-1995,164.94,171.41,164.94,171.41,41780
07-14-1995,168.18,174.64,166.56,173.03,24359
07-17-1995,174.64,174.64,171.41,173.03,12651
07-18-1995,174.64,174.64,171.41,173.03,11722
07-19-1995,171.41,171.41,163.32,165.75,8324
07-20-1995,166.56,168.18,163.32,167.37,12095
07-21-1995,168.18,168.18,163.32,166.56,330
07-24-1995,163.32,166.56,163.32,165.75,22993
07-25-1995,168.18,168.18,164.94,164.94,5573
07-26-1995,168.18,168.18,164.94,167.77,2340
07-27-1995,168.18,169.79,166.56,168.18,5897
07-28-1995,169.79,169.79,166.56,168.18,3718
07-31-1995,169.79,169.79,166.56,167.37,703
08-01-1995,168.18,169.79,166.56,169.79,12635
08-02-1995,169.79,171.41,166.56,169.79,6608
08-03-1995,169.79,169.79,164.94,164.94,1229
08-04-1995,169.79,169.79,166.56,169.79,1043
08-07-1995,169.79,169.79,165.75,166.56,1643
08-08-1995,169.79,169.79,166.56,166.56,7646
08-09-1995,173.03,176.26,168.18,171.41,16984
08-10-1995,169.79,173.03,168.18,173.03,2434
08-11-1995,173.03,173.03,166.56,169.79,3964
08-14-1995,173.03,173.03,168.18,168.18,3935
08-15-1995,168.18,173.03,161.71,163.32,7765
08-16-1995,164.94,164.94,157.66,160.09,13534
08-17-1995,160.09,160.09,153.62,158.47,15624
08-18-1995,159.28,161.71,157.26,161.71,14000
08-21-1995,158.47,161.71,158.47,161.71,3733
08-22-1995,161.71,161.71,158.47,161.71,9391
08-23-1995,158.47,161.71,158.47,158.47,3964
08-24-1995,159.28,160.09,156.86,159.28,3223
08-25-1995,161.71,161.71,158.47,161.71,10592
08-28-1995,161.71,163.32,160.09,162.52,49354
08-29-1995,163.32,166.56,160.09,161.71,8166
08-30-1995,163.32,163.32,161.71,161.71,2215
08-31-1995,163.32,166.56,162.52,162.52,5789
09-01-1995,166.56,166.56,162.52,166.56,2711
09-05-1995,166.56,177.07,164.94,177.07,13938
09-06-1995,181.11,189.20,178.69,189.20,9176
09-07-1995,189.20,192.43,184.35,185.15,21155
09-08-1995,185.15,185.15,185.15,185.15,0
09-11-1995,181.11,182.33,171.41,176.26,38902
09-12-1995,175.45,177.88,175.45,177.07,561
09-13-1995,176.67,177.88,175.45,177.07,6280
09-14-1995,175.45,177.88,175.45,177.88,1767
09-15-1995,176.26,177.88,176.26,177.07,1821
09-18-1995,179.50,182.73,176.26,179.50,4010
09-19-1995,177.88,182.73,176.26,177.07,9063
09-20-1995,181.11,181.11,181.11,181.11,39
09-21-1995,176.26,177.88,176.26,177.88,9884
09-22-1995,174.64,177.88,174.64,177.07,10027
09-25-1995,174.64,176.26,174.64,175.45,15744
09-26-1995,174.64,177.88,171.41,174.64,3316
09-27-1995,171.41,171.41,166.56,168.18,3206
09-28-1995,166.76,168.18,158.47,164.94,10577
09-29-1995,166.56,176.26,161.71,176.26,9699
10-02-1995,173.03,177.88,173.03,174.64,8092
10-03-1995,174.64,174.64,171.41,171.41,4090
10-04-1995,169.79,174.64,168.18,172.22,8946
10-05-1995,169.79,174.64,169.79,171.41,886
10-06-1995,174.64,174.64,171.41,173.03,4428
10-09-1995,171.41,173.03,166.56,171.41,5956
10-10-1995,164.94,169.79,164.94,169.79,6038
10-11-1995,166.56,173.03,166.56,171.41,442
10-12-1995,171.41,173.03,169.79,169.79,901
10-13-1995,171.41,176.26,169.79,176.26,4259
10-16-1995,176.26,176.26,171.41,176.26,7181
10-17-1995,173.03,176.26,173.03,174.64,920
10-18-1995,173.83,176.26,173.03,173.03,134
10-19-1995,171.41,176.26,171.41,172.22,1347
10-20-1995,176.26,176.26,169.79,173.03,38813
10-23-1995,170.60,171.41,169.79,169.79,9531
10-24-1995,173.03,173.03,169.79,173.03,687
10-25-1995,169.79,173.03,166.56,169.79,10351
10-26-1995,166.56,169.79,164.94,166.56,8928
10-27-1995,164.94,168.18,163.32,166.56,8850
10-30-1995,168.18,168.18,160.09,162.92,4259
10-31-1995,161.71,164.94,160.09,164.94,605
11-01-1995,160.09,164.94,159.28,162.52,15981
11-02-1995,161.71,163.32,160.90,161.71,7459
11-03-1995,160.09,163.32,160.09,163.32,3595
11-06-1995,160.09,163.32,160.09,163.32,3394
11-07-1995,153.62,159.28,150.39,158.47,18482
11-08-1995,156.86,159.28,156.86,158.47,2449
11-09-1995,156.86,159.28,156.86,158.47,3811
11-10-1995,157.66,159.28,156.86,159.28,8247
11-13-1995,159.28,159.28,155.24,156.05,9781
11-14-1995,156.05,158.47,156.05,156.05,2215
11-15-1995,155.24,156.86,153.62,153.62,10799
11-16-1995,155.24,155.24,155.24,155.24,829
11-17-1995,156.05,156.05,153.62,153.62,738
11-20-1995,153.62,156.86,153.62,154.43,5110
11-21-1995,153.62,156.86,152.00,152.81,12328
11-22-1995,153.62,153.62,147.15,150.39,118249
11-24-1995,150.39,152.00,150.39,152.00,2885
11-27-1995,153.62,153.62,147.15,147.15,3192
11-28-1995,153.62,153.62,147.15,152.00,3411
11-29-1995,148.77,164.94,148.77,164.94,31285
11-30-1995,160.90,161.71,156.86,156.86,5031
12-01-1995,161.71,161.71,156.86,160.90,13534
12-04-1995,161.71,161.71,156.86,161.71,15931
12-05-1995,159.28,160.09,156.05,158.47,8324
12-06-1995,156.05,160.09,156.05,160.09,5681
12-07-1995,158.47,160.09,157.66,157.66,6858
12-08-1995,156.86,159.28,156.86,156.86,6517
12-11-1995,161.71,161.71,156.86,156.86,589
12-12-1995,161.71,161.71,156.86,159.28,6147
12-13-1995,156.86,161.71,156.86,161.71,870
12-14-1995,160.90,164.94,160.09,164.94,2728
12-15-1995,169.79,169.79,166.56,166.56,561
12-18-1995,169.79,172.22,164.94,166.56,13503
12-19-1995,164.94,166.56,163.32,166.56,3916
12-20-1995,164.94,168.18,163.32,163.32,738
12-21-1995,163.32,168.18,163.32,165.75,3239
12-22-1995,168.18,168.98,163.32,168.98,3285
12-26-1995,168.98,168.98,164.94,164.94,3316
12-27-1995,168.98,168.98,164.94,168.98,330
12-28-1995,168.98,170.60,164.94,168.18,3964
12-29-1995,168.18,176.26,168.18,171.41,9020
01-02-1996,173.03,173.03,169.79,169.79,1967
01-03-1996,170.60,170.60,167.37,168.98,1398
01-04-1996,168.98,168.98,166.56,168.58,4581
01-05-1996,164.94,168.18,164.94,168.18,14136
01-08-1996,168.18,168.18,163.32,163.32,428
01-09-1996,163.32,166.56,162.52,162.52,870
01-10-1996,164.13,164.13,158.47,158.47,2294
01-11-1996,158.47,160.09,155.24,160.09,1787
01-12-1996,160.09,160.09,156.86,160.09,575
01-15-1996,160.09,160.09,156.86,159.28,2311
01-16-1996,156.86,163.32,156.86,163.32,3004
01-17-1996,163.32,164.94,161.71,163.32,1076
01-18-1996,163.32,164.94,161.71,162.52,3004
01-19-1996,164.94,173.03,161.71,171.41,4951
01-22-1996,168.18,177.88,168.18,171.41,2914
01-23-1996,171.41,176.26,171.41,176.26,30295
01-24-1996,174.64,174.64,171.41,174.64,161
01-25-1996,171.41,174.64,171.41,174.64,1494
01-26-1996,171.41,173.03,171.41,173.03,1865
01-29-1996,171.41,172.22,171.41,171.41,1058
01-30-1996,173.03,173.03,171.41,171.41,1009
01-31-1996,169.79,169.79,169.79,169.79,66
02-01-1996,173.03,173.03,169.79,173.03,4775
02-02-1996,173.03,177.88,173.03,174.64,4490
02-05-1996,174.64,177.88,174.64,177.88,5849
02-06-1996,177.88,179.50,174.64,174.64,428
02-07-1996,174.64,181.11,174.64,180.30,1556
02-08-1996,177.07,178.69,177.07,178.69,2187
02-09-1996,177.07,181.11,177.07,179.50,5495
02-12-1996,179.50,180.30,169.79,169.79,10009
02-13-1996,169.79,171.41,164.94,164.94,7814
02-14-1996,168.18,168.18,162.52,164.94,8636
02-15-1996,164.94,165.75,160.09,160.09,13923
02-16-1996,159.28,164.94,158.47,164.94,11339
02-20-1996,160.09,164.94,160.09,162.52,7055
02-21-1996,160.09,164.94,160.09,164.94,1188
02-22-1996,160.90,164.94,160.09,160.90,1494
02-23-1996,160.90,164.94,160.09,161.71,20863
02-26-1996,160.09,164.94,160.09,162.52,22749
02-27-1996,164.94,164.94,160.90,161.71,1058
02-28-1996,164.94,164.94,160.09,161.71,402
02-29-1996,161.71,164.94,160.09,160.09,1475
03-01-1996,164.94,164.94,160.09,160.90,2355
03-04-1996,160.09,164.54,160.09,164.54,2498
03-05-1996,163.32,164.94,162.52,164.94,489
03-06-1996,163.32,164.94,163.32,164.94,1398
03-07-1996,164.94,166.56,161.71,161.71,1414
03-08-1996,163.32,163.32,160.09,161.71,415
03-11-1996,158.47,167.37,158.47,163.32,6608
03-12-1996,163.32,166.56,163.32,163.32,3362
03-13-1996,164.94,164.94,163.32,163.32,769
03-14-1996,163.32,166.56,163.32,164.13,5356
03-15-1996,163.32,166.56,163.32,164.13,1026
03-18-1996,164.94,166.56,163.32,163.32,489
03-19-1996,166.56,166.56,160.09,164.94,4756
03-20-1996,161.71,164.94,161.71,161.71,1202
03-21-1996,161.71,164.94,161.71,162.52,668
03-22-1996,161.71,164.94,161.71,161.71,687
03-25-1996,161.71,163.32,161.71,163.32,1673
03-26-1996,164.94,164.94,161.71,164.94,66
03-27-1996,163.32,164.94,162.92,163.32,2158
03-28-1996,163.32,163.32,161.71,161.71,370
03-29-1996,164.94,164.94,162.52,164.94,504
04-01-1996,161.71,166.56,161.71,166.56,16562
04-02-1996,164.13,164.13,161.71,164.13,79
04-03-1996,164.13,166.56,163.32,166.56,3824
04-04-1996,161.71,166.56,161.71,161.71,4428
04-08-1996,164.94,164.94,161.71,163.32,10443
04-09-1996,161.71,164.13,161.71,161.71,306
04-10-1996,164.13,164.94,161.71,164.94,3379
04-11-1996,161.71,166.56,161.71,161.71,92
04-12-1996,164.13,166.56,164.13,166.56,1430
04-15-1996,164.13,164.13,161.71,163.32,290
04-16-1996,164.13,166.56,161.71,163.32,17651
04-17-1996,164.13,164.13,161.71,161.71,11198
04-18-1996,164.13,164.94,161.71,164.94,2449
04-19-1996,164.94,164.94,161.71,163.32,202
04-22-1996,163.32,163.32,161.71,163.32,3285
04-23-1996,163.32,163.32,161.71,163.32,15156
04-24-1996,161.71,161.71,161.71,161.71,189
04-25-1996,164.94,164.94,161.71,161.71,3097
04-26-1996,161.71,164.94,161.71,164.94,4104
04-29-1996,164.94,164.94,161.71,163.32,1448
04-30-1996,164.94,168.18,161.71,164.94,3256
05-01-1996,164.94,168.18,164.94,168.18,17985
05-02-1996,164.94,166.56,164.94,165.75,2311
05-03-1996,164.94,166.56,163.32,163.32,1383
05-06-1996,164.13,166.56,161.71,162.52,34496
05-07-1996,164.94,164.94,156.86,159.28,10563
05-08-1996,156.86,156.86,153.62,156.86,11878
05-09-1996,156.86,158.47,155.24,155.24,17740
05-10-1996,160.09,160.09,158.47,160.09,2079
05-13-1996,160.09,160.09,156.86,156.86,11756
05-14-1996,158.47,160.09,156.86,158.47,6222
05-15-1996,160.09,160.09,156.86,156.86,754
05-16-1996,160.09,160.09,158.47,160.09,261
05-17-1996,160.09,160.09,158.47,158.47,189
05-20-1996,160.09,160.09,156.86,158.47,1170
05-21-1996,161.71,161.71,156.86,161.71,106
05-22-1996,156.86,161.71,156.86,156.86,589
05-23-1996,156.86,161.71,156.86,159.28,605
05-24-1996,161.71,168.18,156.86,168.18,5327
05-28-1996,168.98,174.64,168.18,172.22,13503
05-29-1996,172.22,172.22,164.94,164.94,4691
05-30-1996,166.56,166.56,158.47,158.47,2325
05-31-1996,161.71,161.71,160.09,161.71,1058
06-03-1996,160.09,160.09,157.66,158.47,6533
06-04-1996,158.07,160.09,157.66,160.09,2854
06-05-1996,157.66,157.66,157.66,157.66,668
06-06-1996,158.47,164.13,158.47,158.47,4614
06-07-1996,153.62,158.47,153.62,156.05,9499
06-10-1996,158.47,158.47,155.24,156.86,3054
06-11-1996,158.47,158.47,156.05,156.05,8184
06-12-1996,156.05,156.05,156.05,156.05,52
06-13-1996,156.05,156.05,156.05,156.05,106
06-14-1996,156.05,158.47,156.05,156.05,1494
06-17-1996,159.28,159.28,156.05,158.47,619
06-18-1996,159.28,159.28,156.05,156.05,370
06-19-1996,156.05,156.86,156.05,156.86,2694
06-20-1996,157.66,157.66,156.05,156.86,353
06-21-1996,157.66,158.47,156.05,158.47,870
06-24-1996,158.47,158.47,156.05,156.05,901
06-25-1996,158.47,158.47,155.24,156.86,3127
06-26-1996,158.47,158.47,156.05,157.66,9358
06-27-1996,157.26,157.66,156.05,157.66,532
06-28-1996,158.47,158.47,156.05,156.86,6578
07-01-1996,156.86,157.66,156.86,157.66,1058
07-02-1996,155.24,156.86,155.24,156.86,504
07-03-1996,156.05,158.47,156.05,158.47,1026
07-05-1996,158.47,158.47,158.47,158.47,0
07-08-1996,157.66,157.66,155.24,156.86,2171
07-09-1996,155.24,158.47,155.24,157.66,13443
07-10-1996,155.24,157.66,155.24,156.05,13797
07-11-1996,155.24,156.86,154.43,154.43,5925
07-12-1996,152.81,152.81,152.81,152.81,52
07-15-1996,152.81,153.62,152.81,152.81,3411
07-16-1996,155.24,155.24,144.73,145.54,3142
07-17-1996,146.35,148.77,145.54,147.15,3595
07-18-1996,147.96,147.96,145.54,147.96,619
07-19-1996,145.54,145.54,144.73,145.54,1216
07-22-1996,145.14,145.14,145.14,145.14,148
07-23-1996,144.73,144.73,144.73,144.73,275
07-24-1996,143.92,145.54,143.92,144.73,11818
07-25-1996,146.35,146.35,144.73,145.54,1787
07-26-1996,145.54,147.15,145.54,146.35,39507
07-29-1996,145.54,147.15,145.54,146.35,784
07-30-1996,147.15,147.15,145.54,147.15,1058
07-31-1996,147.15,147.15,145.54,147.15,575
08-01-1996,147.15,147.15,146.35,147.15,1687
08-02-1996,147.15,147.15,145.54,147.15,784
08-05-1996,145.54,147.15,145.54,145.54,2064
08-06-1996,145.54,147.15,145.54,147.15,546
08-07-1996,146.35,150.39,143.92,148.77,4075
08-08-1996,149.58,154.43,148.77,148.77,17030
08-09-1996,148.77,153.62,148.77,149.58,386
08-12-1996,150.39,150.39,150.39,150.39,121
08-13-1996,149.99,149.99,148.77,148.77,2355
08-14-1996,148.77,148.77,148.77,148.77,0
08-15-1996,150.39,154.43,150.39,154.43,9063
08-16-1996,153.62,155.24,153.62,154.43,1315
08-19-1996,154.43,155.24,154.43,154.43,1835
08-20-1996,152.81,153.62,147.96,149.58,8276
08-21-1996,147.96,148.77,147.96,148.77,1787
08-22-1996,147.96,155.24,147.96,153.62,99031
08-23-1996,156.05,156.05,150.39,150.39,37573
08-26-1996,150.39,153.62,150.39,152.81,10117
08-27-1996,150.39,150.39,148.77,150.39,4026
08-28-1996,149.58,152.00,149.58,152.00,1170
08-29-1996,150.39,152.00,149.99,152.00,3811
08-30-1996,152.00,153.62,149.58,150.39,1091
09-03-1996,150.39,155.24,150.39,155.24,8694
09-04-1996,153.62,155.24,152.00,152.00,3469
09-05-1996,155.24,155.24,152.00,153.62,27665
09-06-1996,152.00,153.62,151.20,152.81,6392
09-09-1996,152.00,155.24,152.00,154.03,5741
09-10-1996,153.62,153.62,153.62,153.62,976
09-11-1996,153.62,155.24,153.62,153.62,3964
09-12-1996,153.62,154.43,153.62,153.62,10877
09-13-1996,153.62,153.62,153.62,153.62,722
09-16-1996,152.81,155.24,150.39,151.20,2311
09-17-1996,149.58,152.00,149.58,150.39,17014
09-18-1996,150.39,152.00,150.39,150.39,5204
09-19-1996,150.39,152.00,148.77,148.77,3256
09-20-1996,148.77,151.20,148.77,151.20,106
09-23-1996,149.58,153.62,147.96,147.96,2561
09-24-1996,148.77,152.00,147.96,147.96,3256
09-25-1996,147.96,152.00,147.96,152.00,1849
09-26-1996,147.96,152.00,147.96,152.00,948
09-27-1996,147.96,152.00,147.96,147.96,1615
09-30-1996,150.39,150.39,147.96,147.96,703
10-01-1996,148.37,149.58,147.96,147.96,1643
10-02-1996,147.96,149.58,147.96,149.58,9979
10-03-1996,147.96,149.58,147.96,147.96,11572
10-04-1996,149.18,152.00,147.96,152.00,153745
10-07-1996,152.00,154.43,148.77,152.81,10179
10-08-1996,151.20,156.05,151.20,152.81,7167
10-09-1996,156.05,157.66,152.00,153.62,4026
10-10-1996,156.05,158.47,153.62,153.62,2867
10-11-1996,158.47,158.47,155.24,155.24,532
10-14-1996,158.47,158.47,155.24,156.86,504
10-15-1996,155.65,156.05,155.24,156.05,12976
10-16-1996,155.24,155.24,155.24,155.24,148
10-17-1996,158.47,158.47,155.24,155.24,215
10-18-1996,158.47,158.47,155.24,156.86,4445
10-21-1996,156.45,158.47,155.24,156.86,1687
10-22-1996,156.86,158.47,155.24,156.86,23767
10-23-1996,156.86,156.86,156.86,156.86,0
10-24-1996,160.09,160.09,156.86,159.28,4674
10-25-1996,157.66,160.09,157.66,160.09,386
10-28-1996,155.24,160.09,155.24,156.86,829
10-29-1996,155.24,160.09,155.24,157.66,189
10-30-1996,155.24,160.09,155.24,160.09,815
10-31-1996,160.09,160.09,155.24,160.09,589
11-01-1996,155.24,160.09,155.24,160.09,2079
11-04-1996,155.24,160.09,155.24,160.09,3964
11-05-1996,156.05,156.86,155.24,155.24,1494
11-06-1996,153.62,155.24,153.62,155.24,519
11-07-1996,156.05,156.86,154.43,154.43,605
11-08-1996,153.62,156.86,153.62,155.24,148
11-11-1996,153.62,156.86,153.62,156.05,687
11-12-1996,153.62,155.24,153.62,153.62,3781
11-13-1996,154.43,156.86,154.43,156.86,2465
11-14-1996,156.05,156.86,156.05,156.86,52
11-15-1996,155.24,164.94,155.24,161.71,18313
11-18-1996,160.09,161.71,156.86,161.71,5046
11-19-1996,162.52,162.52,156.86,156.86,148
11-20-1996,160.09,161.71,156.86,156.86,1363
11-21-1996,156.86,158.47,156.86,158.47,1009
11-22-1996,156.86,158.47,156.86,158.47,161
11-25-1996,156.86,157.66,152.81,156.86,50947
11-26-1996,155.24,157.66,155.24,157.66,2231
11-27-1996,156.05,158.47,155.24,158.47,1229
11-29-1996,156.05,156.05,156.05,156.05,52
12-02-1996,153.62,158.47,153.62,153.62,1849
12-03-1996,153.62,158.47,153.62,155.24,2694
12-04-1996,156.86,156.86,153.62,153.62,4705
12-05-1996,156.05,156.05,154.43,154.43,800
12-06-1996,154.43,154.43,152.00,153.62,4614
12-09-1996,152.00,154.43,150.39,153.62,2694
12-10-1996,153.62,158.47,152.00,156.86,3223
12-11-1996,158.47,158.47,153.62,156.86,7196
12-12-1996,155.24,160.09,155.24,158.47,3529
12-13-1996,155.24,155.24,153.62,153.62,1188
12-16-1996,153.62,158.47,153.62,155.24,11229
12-17-1996,153.62,153.62,152.00,152.00,4966
12-18-1996,152.00,156.86,152.00,156.05,16767
12-19-1996,152.00,156.86,152.00,154.43,30663
12-20-1996,155.24,158.47,152.00,153.62,32660
12-23-1996,155.24,155.24,152.00,152.00,10722
12-24-1996,152.00,155.24,152.00,152.81,290
12-26-1996,152.00,155.24,152.00,154.43,976
12-27-1996,152.00,158.47,152.00,156.86,68512
12-30-1996,155.24,162.52,155.24,162.52,15095
12-31-1996,162.52,162.52,162.52,162.52,0
01-02-1997,160.09,160.90,159.28,160.90,476
01-03-1997,159.28,160.90,158.47,160.09,5309
01-06-1997,160.09,161.71,160.09,161.71,1216
01-07-1997,161.71,164.94,161.71,164.94,3781
01-08-1997,164.13,166.56,164.13,165.75,815
01-09-1997,164.94,167.37,164.94,166.56,1475
01-10-1997,164.94,166.56,164.94,164.94,8138
01-13-1997,164.13,164.13,162.52,162.52,4475
01-14-1997,162.52,164.94,160.90,164.94,7361
01-15-1997,163.32,164.13,162.52,163.32,3192
01-16-1997,164.94,164.94,164.94,164.94,370
01-17-1997,163.32,167.37,163.32,164.94,10843
01-20-1997,164.94,165.75,164.94,165.75,1767
01-21-1997,165.75,166.56,164.94,165.75,1767
01-22-1997,167.37,170.60,167.37,169.79,1138
01-23-1997,170.60,171.41,166.56,166.56,3004
01-24-1997,166.56,166.56,164.13,164.94,2035
01-27-1997,164.13,166.56,163.32,164.94,3437
01-28-1997,164.94,166.56,164.94,166.56,1475
01-29-1997,167.37,168.18,166.56,166.56,933
01-30-1997,166.56,168.18,166.56,168.18,233
01-31-1997,168.98,171.41,168.98,171.41,1009
02-03-1997,173.03,174.64,172.22,173.03,1984
02-04-1997,171.41,172.22,171.41,172.22,1347
02-05-1997,171.41,172.22,170.60,170.60,2111
02-06-1997,169.79,172.22,169.79,172.22,428
02-07-1997,173.03,173.03,173.03,173.03,246
02-10-1997,173.03,173.83,171.41,171.41,4966
02-11-1997,170.60,172.22,170.60,170.60,1091
02-12-1997,168.98,170.60,168.98,169.79,1767
02-13-1997,171.41,173.83,171.41,173.83,886
02-14-1997,173.83,173.83,172.22,172.22,589
02-18-1997,168.98,170.60,167.37,169.79,4919
02-19-1997,169.79,169.79,168.98,168.98,1363
02-20-1997,166.56,166.56,165.75,166.56,3082
02-21-1997,166.56,168.98,166.56,168.98,476
02-24-1997,169.79,172.22,169.79,171.41,738
02-25-1997,170.60,170.60,168.18,168.98,1475
02-26-1997,169.79,169.79,168.18,168.18,1910
02-27-1997,169.79,169.79,166.56,167.37,646
02-28-1997,167.37,167.37,166.56,167.37,275
03-03-1997,166.56,167.37,166.56,166.56,4399
03-04-1997,167.37,167.37,166.56,167.37,976
03-05-1997,167.37,167.37,165.75,166.56,1879
03-06-1997,167.37,167.37,166.56,166.56,3482
03-07-1997,167.37,167.37,164.94,164.94,4026
03-10-1997,164.94,167.37,164.13,165.75,402
03-11-1997,165.75,167.37,165.75,167.37,2035
03-12-1997,166.56,166.56,165.75,165.75,1244
03-13-1997,164.13,164.94,160.90,164.13,2943
03-14-1997,162.52,164.13,162.52,164.13,22409
03-17-1997,163.32,166.56,163.32,165.75,215
03-18-1997,164.94,165.75,164.94,165.75,800
03-19-1997,164.94,164.94,164.13,164.94,3811
03-20-1997,164.94,166.56,164.94,165.75,2498
03-21-1997,164.94,166.56,164.94,166.56,5142
03-24-1997,164.94,167.37,164.94,167.37,886
03-25-1997,166.56,168.18,166.56,166.56,3581
03-26-1997,168.18,168.18,166.56,166.56,17740
03-27-1997,167.37,167.37,165.75,165.75,2742
03-31-1997,166.56,166.56,164.94,165.75,3797
04-01-1997,165.75,166.56,164.94,165.75,1259
04-02-1997,164.94,165.75,164.94,164.94,504
04-03-1997,164.94,164.94,164.13,164.13,1009
04-04-1997,164.94,164.94,164.13,164.13,290
04-07-1997,164.13,164.13,160.09,160.90,1091
04-08-1997,160.90,160.90,160.90,160.90,829
04-09-1997,161.71,164.13,161.71,161.71,3394
04-10-1997,161.71,164.13,161.71,164.13,2111
04-11-1997,164.13,164.94,164.13,164.94,189
04-14-1997,165.75,165.75,161.71,162.52,722
04-15-1997,163.32,164.13,163.32,164.13,605
04-16-1997,162.52,163.32,161.71,162.52,3157
04-17-1997,161.71,166.56,161.71,164.13,2231
04-18-1997,164.94,164.94,163.32,164.94,6779
04-21-1997,164.94,166.56,164.94,166.56,121
04-22-1997,166.56,167.37,164.94,164.94,6812
04-23-1997,164.94,164.94,164.94,164.94,79
04-24-1997,164.94,165.75,164.94,165.75,5897
04-25-1997,164.94,164.94,162.52,162.52,4581
04-28-1997,160.90,161.71,160.09,161.71,6871
04-29-1997,161.71,162.52,161.71,162.52,92
04-30-1997,162.52,168.98,161.71,164.13,16055
05-01-1997,164.13,164.13,162.52,163.32,9345
05-02-1997,163.32,168.18,163.32,167.37,687
05-05-1997,168.18,168.18,168.18,168.18,246
05-06-1997,168.18,171.41,168.18,171.41,1287
05-07-1997,170.60,171.41,168.98,171.41,646
05-08-1997,171.41,172.22,170.60,172.22,2824
05-09-1997,171.41,171.41,169.79,169.79,1026
05-12-1997,168.18,170.60,167.37,168.98,4152
05-13-1997,168.98,168.98,167.37,168.98,2405
05-14-1997,173.03,174.64,172.22,173.03,39848
05-15-1997,173.83,173.83,172.22,172.22,1643
05-16-1997,173.03,173.03,172.22,172.22,7861
05-19-1997,173.03,174.64,173.03,173.83,6501
05-20-1997,174.64,174.64,171.41,171.41,6638
05-21-1997,172.22,173.03,172.22,173.03,3097
05-22-1997,173.83,174.64,173.83,174.64,5681
05-23-1997,173.03,174.64,173.03,174.64,1525
05-27-1997,176.26,176.26,173.83,174.64,2824
05-28-1997,174.64,177.07,174.64,176.26,870
05-29-1997,177.07,177.07,174.64,176.26,1123
05-30-1997,174.64,174.64,173.83,174.64,886
06-02-1997,175.45,180.30,175.45,180.30,1216
06-03-1997,179.50,181.11,179.50,181.11,462
06-04-1997,181.11,181.11,178.69,179.50,1571
06-05-1997,178.69,185.15,178.69,183.54,1630
06-06-1997,183.54,185.15,183.54,184.35,933
06-09-1997,185.15,187.58,185.15,185.15,1414
06-10-1997,185.15,185.15,180.30,184.35,24493
06-11-1997,184.35,185.15,184.35,185.15,3192
06-12-1997,184.35,186.77,184.35,186.77,9080
06-13-1997,186.77,186.77,185.15,185.96,2231
06-16-1997,186.77,186.77,185.15,186.77,3036
06-17-1997,186.77,188.39,186.77,188.39,2187
06-18-1997,189.20,189.20,188.39,189.20,856
06-19-1997,188.39,192.43,187.58,192.43,4535
06-20-1997,192.43,193.24,192.43,193.24,3687
06-23-1997,191.62,191.62,187.58,188.39,7719
06-24-1997,187.58,192.43,187.58,192.43,2914
06-25-1997,192.43,194.05,192.43,194.05,1202
06-26-1997,194.86,200.52,194.86,199.10,5356
06-27-1997,200.52,203.35,200.52,202.94,462
06-30-1997,202.94,202.94,198.90,198.90,23458
07-01-1997,198.90,200.52,198.90,199.71,4647
07-02-1997,198.90,199.71,198.90,199.71,1475
07-03-1997,199.71,200.52,199.71,200.12,330
07-07-1997,200.52,200.52,198.90,198.90,5759
07-08-1997,197.28,198.90,194.05,198.90,20524
07-09-1997,199.71,199.71,196.47,196.47,519
07-10-1997,194.25,196.47,194.25,195.87,532
07-11-1997,196.47,196.88,196.47,196.88,2064
07-14-1997,195.26,203.75,195.26,202.33,7120
07-15-1997,202.33,202.33,201.32,201.73,415
07-16-1997,201.73,203.75,200.72,203.75,6176
07-17-1997,204.97,204.97,204.56,204.56,933
07-18-1997,203.75,204.56,203.75,203.95,519
07-21-1997,202.33,204.56,202.33,204.56,5387
07-22-1997,206.18,206.18,202.94,203.35,3781
07-23-1997,203.75,203.75,202.33,202.33,2498
07-24-1997,201.32,201.32,200.12,200.12,370
07-25-1997,201.32,201.32,198.90,198.90,1009
07-28-1997,198.90,198.90,197.28,197.28,3702
07-29-1997,197.28,197.28,197.28,197.28,0
07-30-1997,198.50,200.12,198.09,200.12,856
07-31-1997,199.10,200.72,198.50,199.10,842
08-01-1997,199.10,199.10,198.90,199.10,106
08-04-1997,200.12,200.72,200.12,200.72,546
08-05-1997,200.52,201.32,200.12,201.32,519
08-06-1997,201.32,201.73,200.52,200.72,6826
08-07-1997,201.73,201.73,201.32,201.32,1383
08-08-1997,200.12,200.52,200.12,200.52,1414
08-11-1997,198.90,200.52,195.87,195.87,2355
08-12-1997,194.25,195.26,194.25,194.86,605
08-13-1997,194.86,194.86,192.63,193.24,462
08-14-1997,193.24,193.24,191.62,192.63,1363
08-15-1997,192.43,192.43,190.82,191.01,703
08-18-1997,191.01,192.03,191.01,192.03,428
08-19-1997,191.62,193.65,190.82,193.65,1383
08-20-1997,193.24,193.24,191.62,193.24,646
08-21-1997,191.62,193.24,191.62,192.43,842
08-22-1997,192.03,193.24,192.03,193.24,106
08-25-1997,192.43,194.05,192.43,194.05,961
08-26-1997,194.05,194.86,194.05,194.86,3811
08-27-1997,194.05,194.05,192.43,192.63,1865
08-28-1997,192.63,194.05,192.43,194.05,4350
08-29-1997,194.05,194.05,192.63,193.24,7781
09-02-1997,193.24,194.05,193.24,194.05,2035
09-03-1997,194.05,194.05,192.43,193.65,9143
09-04-1997,193.65,194.05,193.65,194.05,9949
09-05-1997,194.05,194.05,193.65,193.65,386
09-08-1997,194.05,194.05,193.65,193.65,9870
09-09-1997,193.65,194.86,193.65,194.05,3623
09-10-1997,194.05,194.05,193.24,193.24,9994
09-11-1997,193.24,193.65,193.24,193.65,5987
09-12-1997,193.65,195.67,193.65,195.26,2528
09-15-1997,195.26,195.26,194.25,194.86,991
09-16-1997,194.86,195.67,194.86,194.86,1347
09-17-1997,195.26,195.67,194.25,194.25,3142
09-18-1997,194.86,194.86,194.25,194.25,442
09-19-1997,194.05,195.87,194.05,194.86,2758
09-22-1997,194.05,195.26,194.05,194.05,4152
09-23-1997,194.05,198.09,194.05,198.09,4891
09-24-1997,198.09,203.75,198.09,202.13,6266
09-25-1997,202.13,203.75,201.73,203.35,1301
09-26-1997,202.13,203.75,202.13,203.75,8538
09-29-1997,203.75,204.97,203.75,204.97,4211
09-30-1997,204.16,205.37,204.16,204.16,5327
10-01-1997,203.75,204.97,203.75,204.97,3529
10-02-1997,204.16,204.97,204.16,204.97,1244
10-03-1997,204.97,210.22,204.97,209.82,2374
10-06-1997,210.22,211.84,209.41,211.84,6392
10-07-1997,211.84,211.84,211.43,211.84,1138
10-08-1997,212.24,214.67,212.24,214.67,6054
10-09-1997,213.05,215.07,213.05,213.45,1879
10-10-1997,213.45,216.29,213.45,216.29,5987
10-13-1997,216.29,217.50,214.26,217.50,1984
10-14-1997,216.69,217.50,216.69,217.50,769
10-15-1997,215.88,216.29,215.48,215.48,121
10-16-1997,215.88,215.88,214.67,215.07,4075
10-17-1997,213.45,217.50,210.63,211.03,1301
10-20-1997,211.03,211.03,208.60,209.01,829
10-21-1997,208.20,209.82,208.20,209.82,1216
10-22-1997,209.41,209.41,208.20,209.41,1244
10-23-1997,207.79,209.01,207.79,207.79,769
10-24-1997,206.58,209.01,206.58,209.01,800
10-27-1997,209.01,209.41,207.39,207.79,1733
10-28-1997,206.18,206.18,198.50,200.12,4168
10-29-1997,200.52,200.52,197.28,199.71,1347
10-30-1997,198.09,198.09,196.07,196.47,1156
10-31-1997,196.47,197.28,194.05,197.28,8032
11-03-1997,196.88,200.92,196.47,200.92,754
11-04-1997,200.92,200.92,200.52,200.52,330
11-05-1997,198.90,200.52,198.90,200.52,1998
11-06-1997,200.52,200.52,199.71,200.12,2294
11-07-1997,200.52,200.52,198.90,198.90,2277
11-10-1997,198.09,198.09,194.86,196.47,3142
11-11-1997,196.47,200.52,196.47,199.31,1448
11-12-1997,196.88,197.28,195.67,196.07,1202
11-13-1997,195.67,195.67,194.86,195.26,246
11-14-1997,195.26,196.47,195.26,196.07,646
11-17-1997,196.47,196.47,196.07,196.07,330
11-18-1997,196.07,196.07,194.05,194.86,1897
11-19-1997,194.86,194.86,192.43,194.86,13812
11-20-1997,195.67,199.31,195.26,199.31,6841
11-21-1997,200.12,202.13,200.12,200.92,3781
11-24-1997,201.73,201.73,200.12,200.92,1026
11-25-1997,200.52,200.92,197.28,197.28,2694
11-26-1997,196.88,198.09,196.88,198.09,703
11-28-1997,198.09,199.71,191.22,191.22,2035
12-01-1997,192.84,198.09,192.84,198.09,1525
12-02-1997,198.09,199.71,197.28,199.71,428
12-03-1997,198.90,200.12,198.90,200.12,476
12-04-1997,201.73,205.37,201.32,201.32,2854
12-05-1997,200.52,200.52,195.67,196.47,18186
12-08-1997,196.47,199.71,195.67,198.50,769
12-09-1997,198.09,200.92,198.09,200.92,1821
12-10-1997,201.73,204.56,201.32,202.94,2480
12-11-1997,203.35,203.35,199.71,199.71,1835
12-12-1997,198.50,198.50,197.69,198.50,1043
12-15-1997,198.09,198.09,194.05,194.05,5046
12-16-1997,194.05,209.41,194.05,208.20,14308
12-17-1997,208.20,212.44,208.20,211.84,1588
12-18-1997,212.65,212.65,204.16,204.16,2171
12-19-1997,202.54,206.58,202.54,203.75,5080
12-22-1997,203.75,204.16,202.13,202.13,2171
12-23-1997,202.13,210.22,202.13,210.22,3469
12-24-1997,209.41,219.92,209.41,219.92,1414
12-26-1997,219.11,219.11,217.09,217.09,306
12-29-1997,218.71,218.71,215.07,215.48,3733
12-30-1997,216.29,218.30,216.29,217.90,575
12-31-1997,217.90,218.30,214.67,214.67,1687
01-02-1998,213.86,215.07,212.65,215.07,1630
01-05-1998,215.07,215.07,213.45,213.86,306
01-06-1998,213.05,213.05,212.24,213.05,1643
01-07-1998,212.65,213.05,210.63,211.03,1123
01-08-1998,209.41,210.22,206.98,206.98,1924
01-09-1998,206.98,206.98,203.75,204.16,1202
01-12-1998,205.78,207.79,204.97,204.97,2943
01-13-1998,204.97,205.37,203.35,204.56,703
01-14-1998,203.75,204.97,202.94,204.56,1540
01-15-1998,202.94,204.16,190.01,191.62,10856
01-16-1998,193.24,200.52,193.24,200.12,2079
01-20-1998,199.71,202.13,199.71,202.13,353
01-21-1998,203.75,206.98,203.75,206.18,1910
01-22-1998,206.18,207.39,206.18,206.58,275
01-23-1998,206.18,206.18,204.56,204.97,202
01-26-1998,204.97,208.60,204.16,206.98,769
01-27-1998,206.58,209.01,206.58,208.20,1687
01-28-1998,209.82,217.50,209.82,217.50,1787
01-29-1998,217.50,228.01,217.50,225.58,2465
01-30-1998,223.16,223.16,219.11,219.11,2142
02-02-1998,218.30,218.30,215.07,216.69,1202
02-03-1998,215.07,215.07,209.82,209.82,2465
02-04-1998,209.41,209.82,208.60,208.60,370
02-05-1998,208.60,209.01,206.18,206.18,12191
02-06-1998,206.18,207.79,203.75,207.79,1540
02-09-1998,207.79,211.03,207.79,211.03,668
02-10-1998,212.24,213.45,212.24,213.45,961
02-11-1998,213.45,213.45,213.45,213.45,0
02-12-1998,213.86,213.86,212.24,213.05,189
02-13-1998,212.24,212.24,205.78,205.78,1787
02-17-1998,205.37,205.37,198.90,198.90,3996
02-18-1998,197.69,197.69,194.05,195.67,1687
02-19-1998,194.46,197.69,194.46,195.67,1643
02-20-1998,194.46,198.90,194.05,197.28,17800
02-23-1998,197.28,202.13,196.47,202.13,1461
02-24-1998,202.13,203.75,200.92,202.13,1718
02-25-1998,201.32,202.13,195.67,195.67,2374
02-26-1998,195.67,199.71,195.67,199.71,738
02-27-1998,200.92,201.32,197.28,200.52,1138
03-02-1998,200.12,201.32,197.28,200.12,886
03-03-1998,200.92,200.92,198.90,200.52,370
03-04-1998,200.12,200.92,198.50,200.52,933
03-05-1998,200.52,201.32,200.52,201.32,2092
03-06-1998,200.52,201.32,198.90,199.31,976
03-09-1998,198.50,198.90,196.47,196.47,976
03-10-1998,196.88,198.09,196.07,198.09,1188
03-11-1998,199.71,202.13,199.71,202.13,489
03-12-1998,202.13,202.13,199.31,199.31,561
03-13-1998,198.50,199.71,197.28,197.28,402
03-16-1998,197.28,202.94,196.47,202.54,38720
03-17-1998,201.32,202.13,201.32,202.13,575
03-18-1998,200.52,200.52,194.86,195.26,4720
03-19-1998,195.26,196.07,193.65,195.26,13985
03-20-1998,194.86,195.26,194.05,194.46,1540
03-23-1998,194.46,197.28,194.46,197.28,1615
03-24-1998,198.50,198.50,196.47,196.47,415
03-25-1998,195.67,196.47,195.26,196.47,738
03-26-1998,196.47,199.31,196.47,199.31,290
03-27-1998,199.31,204.16,199.31,203.75,784
03-30-1998,205.37,205.37,199.71,200.92,1937
03-31-1998,200.12,201.32,199.71,200.52,2035
04-01-1998,200.52,200.52,197.28,197.28,1363
04-02-1998,197.28,197.28,196.47,196.47,2603
04-03-1998,196.47,197.28,196.47,196.88,428
04-06-1998,198.50,198.90,196.47,196.88,1910
04-07-1998,196.88,196.88,194.46,195.26,3482
04-08-1998,194.86,194.86,187.58,187.99,26970
04-09-1998,187.58,191.22,187.58,189.60,113611
04-13-1998,190.82,196.47,190.82,195.67,7734
04-14-1998,196.07,197.28,196.07,196.47,722
04-15-1998,194.86,195.67,192.43,192.43,3157
04-16-1998,192.84,193.24,192.43,193.24,402
04-17-1998,192.43,193.24,191.62,193.24,842
04-20-1998,192.03,194.05,192.03,193.24,386
04-21-1998,193.24,196.88,193.24,196.88,3437
04-22-1998,198.09,200.92,198.09,198.90,6162
04-23-1998,198.90,200.52,198.90,198.90,2092
04-24-1998,198.90,198.90,196.07,197.28,415
04-27-1998,196.88,196.88,194.05,194.05,561
04-28-1998,193.65,193.65,192.03,192.03,3595
04-29-1998,192.03,192.03,192.03,192.03,0
04-30-1998,193.24,194.86,193.24,194.86,386
05-01-1998,194.86,195.26,194.86,195.26,79
05-04-1998,195.26,197.28,195.26,195.67,330
05-05-1998,194.05,208.60,194.05,205.37,11943
05-06-1998,205.37,205.37,203.35,203.75,14427
05-07-1998,203.75,212.65,202.94,212.24,5712
05-08-1998,211.84,212.24,210.22,211.03,386
05-11-1998,211.03,212.65,208.60,208.60,11030
05-12-1998,208.20,208.60,203.75,204.16,44001
05-13-1998,203.75,205.78,202.94,202.94,668
05-14-1998,204.56,204.56,198.90,200.12,886
05-15-1998,200.12,202.13,200.12,202.13,290
05-18-1998,201.73,202.54,201.32,202.13,1475
05-19-1998,201.73,206.58,201.73,204.97,9621
05-20-1998,204.56,206.98,204.56,206.98,1332
05-21-1998,206.18,206.18,204.97,204.97,1398
05-22-1998,205.37,205.37,200.52,200.92,575
05-26-1998,201.73,204.56,200.52,200.52,2728
05-27-1998,202.13,204.16,202.13,202.94,1076
05-28-1998,202.94,205.37,202.94,205.37,1924
05-29-1998,205.37,206.98,202.54,203.75,4506
06-01-1998,202.13,207.79,201.32,204.16,6117
06-02-1998,204.16,204.16,200.52,202.13,5820
06-03-1998,201.32,202.94,200.52,200.92,1026
06-04-1998,201.32,201.32,200.52,201.32,504
06-05-1998,201.32,202.13,200.52,201.73,2694
06-08-1998,202.54,202.54,199.31,199.31,1475
06-09-1998,200.92,202.13,200.52,201.73,933
06-10-1998,203.35,205.37,202.54,203.75,1615
06-11-1998,203.75,203.75,201.32,201.32,842
06-12-1998,199.71,199.71,199.31,199.31,261
06-15-1998,199.71,202.94,199.71,199.71,11355
06-16-1998,200.92,201.32,200.52,200.52,174
06-17-1998,200.92,201.32,200.12,200.92,856
06-18-1998,200.52,201.32,199.71,199.71,1801
06-19-1998,200.92,200.92,198.70,198.90,1865
06-22-1998,200.52,200.92,199.71,199.71,619
06-23-1998,200.92,200.92,199.71,199.71,189
06-24-1998,200.52,200.92,198.09,198.09,1043
06-25-1998,199.31,199.31,198.09,198.50,815
06-26-1998,199.31,199.31,198.09,199.31,605
06-29-1998,198.09,198.50,196.47,196.47,1821
06-30-1998,197.28,198.90,194.05,194.05,3036
07-01-1998,194.86,196.47,194.46,194.46,1170
07-02-1998,194.05,194.05,193.65,194.05,1952
07-06-1998,194.05,194.05,192.84,193.24,800
07-07-1998,192.03,193.24,192.03,193.24,933
07-08-1998,192.43,194.05,192.43,193.65,4090
07-09-1998,194.05,194.46,194.05,194.46,3529
07-10-1998,194.46,194.46,193.65,193.65,1138
07-13-1998,193.65,194.46,193.65,194.05,2649
07-14-1998,194.86,194.86,194.86,194.86,13
07-15-1998,193.65,193.65,192.84,192.84,233
07-16-1998,192.84,194.05,192.43,194.05,1363
07-17-1998,194.86,194.86,192.84,192.84,784
07-20-1998,194.05,194.05,194.05,194.05,532
07-21-1998,192.43,192.43,192.03,192.03,2480
07-22-1998,192.03,193.24,191.62,192.43,1091
07-23-1998,193.24,194.86,193.24,194.05,1494
07-24-1998,194.46,197.28,194.46,194.46,3964
07-27-1998,194.46,194.46,193.24,193.24,4803
07-28-1998,192.84,192.84,186.77,186.77,3595
07-29-1998,186.77,186.77,183.14,183.14,856
07-30-1998,183.14,183.14,182.73,182.73,489
07-31-1998,182.73,182.73,174.64,174.64,4211
08-03-1998,175.05,175.45,173.03,173.03,948
08-04-1998,171.41,175.86,171.01,175.05,2957
08-05-1998,178.69,182.73,178.69,182.73,10693
08-06-1998,182.33,187.58,182.33,187.58,20163
08-07-1998,187.58,189.60,187.58,187.99,2016
08-10-1998,187.99,187.99,187.58,187.99,619
08-11-1998,187.18,187.58,183.94,187.18,2649
08-12-1998,187.18,188.39,187.18,187.18,829
08-13-1998,187.18,192.84,187.18,192.84,1865
08-14-1998,192.84,193.24,190.82,190.82,2914
08-17-1998,190.01,190.41,185.15,186.77,7319
08-18-1998,186.77,190.01,186.77,188.80,3797
08-19-1998,189.60,190.41,188.39,188.80,605
08-20-1998,189.20,190.01,185.96,185.96,189
08-21-1998,185.96,187.58,184.35,187.18,2277
08-24-1998,186.37,189.20,186.37,187.58,2449
08-25-1998,186.77,188.80,186.77,187.99,2758
08-26-1998,187.58,187.58,187.58,187.58,1076
08-27-1998,185.15,185.15,185.15,185.15,13874
08-28-1998,185.15,185.15,181.92,181.92,8741
08-31-1998,180.71,181.11,177.88,177.88,12764
09-01-1998,177.88,178.29,177.88,178.29,722
09-02-1998,178.29,178.29,177.88,177.88,1301
09-03-1998,177.48,177.48,175.86,175.86,5956
09-04-1998,175.86,175.86,175.86,175.86,92
09-08-1998,177.07,179.09,177.07,177.88,1332
09-09-1998,178.69,178.69,176.67,176.67,815
09-10-1998,175.45,175.45,174.24,174.24,2742
09-11-1998,174.24,175.86,174.24,175.05,3424
09-14-1998,175.05,175.05,173.83,173.83,1821
09-15-1998,173.03,174.64,173.03,174.64,2035
09-16-1998,173.43,173.83,173.03,173.03,519
09-17-1998,171.41,171.82,170.60,171.41,991
09-18-1998,173.03,175.86,171.41,175.86,2263
09-21-1998,175.45,175.45,173.43,174.24,842
09-22-1998,174.64,174.64,170.20,170.20,1398
09-23-1998,170.20,172.63,170.20,172.22,4121
09-24-1998,172.22,173.43,172.22,172.22,261
09-25-1998,172.22,172.63,171.01,171.01,2514
09-28-1998,171.41,172.22,171.01,172.22,161
09-29-1998,170.60,171.41,167.37,167.37,16856
09-30-1998,166.56,167.77,165.75,166.16,1383
10-01-1998,165.35,166.96,165.35,165.75,769
10-02-1998,164.94,166.16,164.13,165.35,2064
10-05-1998,164.54,164.94,162.52,162.52,886
10-06-1998,163.73,163.73,161.31,161.31,1525
10-07-1998,161.71,161.71,159.69,161.71,1540
10-08-1998,160.09,160.09,153.62,154.43,38800
10-09-1998,153.62,154.84,153.22,154.43,489
10-12-1998,155.24,155.65,153.22,153.22,6608
10-13-1998,154.43,154.84,152.00,153.22,24854
10-14-1998,152.00,152.00,150.39,150.79,415
10-15-1998,152.00,152.00,151.60,151.60,1430
10-16-1998,152.00,152.00,150.79,150.79,605
10-19-1998,151.60,152.81,151.60,151.60,1998
10-20-1998,151.60,151.60,150.79,150.79,1430
10-21-1998,150.79,152.00,149.58,149.58,8403
10-22-1998,149.99,150.39,149.58,149.99,1525
10-23-1998,150.39,150.39,150.39,150.39,3036
10-26-1998,151.20,153.62,147.15,147.56,4789
10-27-1998,143.92,148.77,143.92,147.96,5897
10-28-1998,147.96,149.58,147.96,149.58,174
10-29-1998,149.58,156.86,148.77,152.81,8138
10-30-1998,154.43,164.13,152.00,164.13,65341
11-02-1998,164.13,172.22,164.13,169.39,2775
11-03-1998,167.77,167.77,165.35,165.35,2325
11-04-1998,164.54,165.75,164.54,165.75,202
11-05-1998,165.35,169.39,164.94,168.98,1026
11-06-1998,170.60,172.63,170.20,170.60,2064
11-09-1998,169.79,169.79,166.56,166.56,3082
11-10-1998,162.92,166.96,162.92,166.96,815
11-11-1998,165.35,165.75,163.32,165.75,3082
11-12-1998,164.94,165.35,161.31,162.92,1540
11-13-1998,162.52,162.52,159.28,162.52,703
11-16-1998,161.71,161.71,160.09,160.09,134
11-17-1998,160.09,160.09,157.26,158.88,829
11-18-1998,158.88,158.88,154.03,154.43,12836
11-19-1998,154.03,154.03,151.20,152.00,784
11-20-1998,151.20,152.41,150.39,150.39,901
11-23-1998,150.39,150.79,144.73,144.73,22578
11-24-1998,145.54,145.54,139.07,141.49,15695
11-25-1998,140.68,141.49,140.28,140.28,11558
11-27-1998,142.30,142.30,141.90,141.90,668
11-30-1998,141.90,143.92,141.90,143.52,1106
12-01-1998,143.92,149.18,143.92,149.18,1363
12-02-1998,148.37,151.60,148.37,151.20,1398
12-03-1998,151.60,151.60,149.58,149.58,161
12-04-1998,148.77,149.58,148.77,149.58,16739
12-07-1998,149.58,151.20,148.37,149.18,17369
12-08-1998,150.39,151.60,149.18,149.18,2649
12-09-1998,149.99,149.99,147.15,147.15,546
12-10-1998,146.75,147.15,144.33,146.35,2419
12-11-1998,145.94,148.37,145.14,145.54,1835
12-14-1998,145.54,146.75,143.11,143.52,306
12-15-1998,145.14,146.35,143.52,145.14,933
12-16-1998,145.94,145.94,135.83,137.45,5511
12-17-1998,137.45,137.45,133.41,135.83,4475
12-18-1998,137.45,142.30,136.64,142.30,3749
12-21-1998,143.92,152.81,143.92,152.81,3054
12-22-1998,153.62,159.28,153.22,159.28,1588
12-23-1998,158.07,164.94,157.66,164.94,2617
12-24-1998,164.94,164.94,163.32,163.32,1076
12-28-1998,164.13,164.94,162.92,164.13,933
12-29-1998,164.13,164.13,163.32,163.32,1657
12-30-1998,163.32,165.14,162.52,163.32,2231
12-31-1998,162.52,163.73,161.71,162.11,589
01-04-1999,162.92,166.96,162.92,166.96,1540
01-05-1999,166.96,169.79,166.56,169.79,1170
01-06-1999,168.18,168.58,162.52,162.52,1588
01-07-1999,161.31,161.31,156.05,156.05,668
01-08-1999,155.24,155.24,153.22,154.84,2900
01-11-1999,154.84,154.84,152.41,152.41,2805
01-12-1999,151.60,152.00,150.39,150.39,1058
01-13-1999,149.58,149.99,148.77,148.77,668
01-14-1999,149.58,151.60,147.15,147.15,18297
01-15-1999,147.15,147.15,146.35,146.35,489
01-19-1999,146.35,146.35,143.92,143.92,10919
01-20-1999,143.11,143.11,134.22,134.22,2325
01-21-1999,134.63,138.26,129.37,129.37,12129
01-22-1999,129.37,135.43,129.37,135.43,1588
01-25-1999,135.43,135.43,133.01,133.01,1259
01-26-1999,133.01,134.22,132.60,132.60,1998
01-27-1999,133.41,133.41,131.79,132.20,1984
01-28-1999,132.20,132.20,128.56,128.56,3285
01-29-1999,129.37,132.20,128.56,132.20,7022
02-01-1999,132.60,133.41,132.20,132.20,722
02-02-1999,132.60,132.60,128.56,128.56,2016
02-03-1999,128.56,130.17,126.94,128.16,4661
02-04-1999,127.75,127.75,127.35,127.35,306
02-05-1999,126.54,126.94,125.32,125.32,1229
02-08-1999,124.92,125.32,124.51,125.32,3082
02-09-1999,125.32,126.54,125.32,126.54,722
02-10-1999,126.54,126.54,125.32,125.73,1879
02-11-1999,126.13,127.75,125.73,126.94,1897
02-12-1999,126.54,126.54,125.32,125.73,3980
02-16-1999,126.13,126.13,124.51,124.92,85981
02-17-1999,125.32,125.32,124.92,124.92,668
02-18-1999,124.51,127.35,124.51,126.13,4951
02-19-1999,126.54,126.94,126.13,126.13,20503
02-22-1999,126.94,129.37,126.94,129.37,9193
02-23-1999,128.96,130.98,128.96,130.98,3902
02-24-1999,130.98,130.98,130.58,130.58,2231
02-25-1999,129.37,132.60,129.37,131.79,2171
02-26-1999,131.79,142.30,131.79,141.49,1879
03-01-1999,141.49,141.49,138.26,139.48,1753
03-02-1999,139.88,139.88,134.22,134.22,1138
03-03-1999,133.41,134.22,133.41,134.22,174
03-04-1999,133.41,133.82,133.41,133.82,66
03-05-1999,133.41,136.64,133.01,135.83,3887
03-08-1999,135.83,135.83,135.83,135.83,901
03-09-1999,136.64,136.64,135.83,136.64,1287
03-10-1999,135.83,135.83,134.22,134.22,12532
03-11-1999,134.22,135.03,134.22,134.63,2498
03-12-1999,135.03,135.03,130.17,130.17,2405
03-15-1999,130.58,130.58,129.37,129.37,575
03-16-1999,128.96,128.96,126.13,126.13,1767
03-17-1999,125.32,126.94,122.90,126.94,3546
03-18-1999,126.54,127.75,126.54,127.35,948
03-19-1999,128.96,129.37,126.94,126.94,11094
03-22-1999,126.94,126.94,126.13,126.13,769
03-23-1999,125.32,125.32,123.71,123.71,6405
03-24-1999,124.51,124.51,122.90,122.90,1170
03-25-1999,122.90,124.51,122.90,123.71,1910
03-26-1999,122.90,125.32,122.90,125.32,1414
03-29-1999,125.32,127.75,124.92,127.75,1952
03-30-1999,127.75,129.37,127.75,129.37,386
03-31-1999,128.76,128.96,116.43,116.43,6593
04-01-1999,116.84,121.28,116.84,121.28,6951
04-05-1999,121.69,122.09,121.28,122.09,306
04-06-1999,121.69,122.90,121.69,122.90,5343
04-07-1999,122.50,123.30,122.09,123.30,5882
04-08-1999,122.90,123.71,122.90,123.71,1106
04-09-1999,123.30,125.32,122.90,124.92,754
04-12-1999,124.51,126.54,124.51,126.54,1673
04-13-1999,132.20,132.20,128.56,128.56,3623
04-14-1999,128.96,132.20,126.13,131.79,9358
04-15-1999,132.60,134.63,132.60,134.22,842
04-16-1999,133.41,137.45,133.41,137.45,3379
04-19-1999,137.45,137.45,133.01,133.01,1106
04-20-1999,133.01,133.01,128.96,128.96,489
04-21-1999,128.96,128.96,123.71,124.51,784
04-22-1999,125.32,125.73,124.51,124.51,386
04-23-1999,125.32,125.32,123.71,125.32,1026
04-26-1999,124.51,124.51,123.71,123.71,462
04-27-1999,124.51,124.51,123.30,124.51,605
04-28-1999,124.51,126.94,124.51,126.94,619
04-29-1999,126.94,126.94,125.32,125.32,589
04-30-1999,124.92,124.92,122.90,122.90,646
05-03-1999,120.47,121.28,117.24,117.24,1414
05-04-1999,118.05,118.85,116.43,116.43,815
05-05-1999,116.43,116.84,113.20,114.41,2957
05-06-1999,113.20,113.20,109.96,109.96,3394
05-07-1999,109.96,110.77,107.94,109.15,3840
05-10-1999,107.94,108.75,107.13,107.94,4628
05-11-1999,108.34,108.34,103.49,105.52,12514
05-12-1999,105.92,105.92,103.49,103.49,15467
05-13-1999,104.30,105.52,103.49,104.30,18248
05-14-1999,103.90,105.52,103.90,105.52,1138
05-17-1999,105.92,105.92,105.52,105.52,442
05-18-1999,105.92,105.92,105.52,105.52,4848
05-19-1999,105.92,106.73,105.92,106.33,1043
05-20-1999,106.33,108.75,105.92,108.34,2325
05-21-1999,109.15,111.58,109.15,111.58,5834
05-24-1999,111.18,112.39,110.77,110.77,2728
05-25-1999,111.18,111.98,110.77,110.77,1787
05-26-1999,110.77,110.77,109.96,109.96,4399
05-27-1999,110.77,111.18,110.37,111.18,1058
05-28-1999,111.58,120.47,111.58,120.47,2247
06-01-1999,119.66,120.07,119.66,120.07,1091
06-02-1999,119.26,119.26,113.20,113.20,6392
06-03-1999,114.00,114.81,114.00,114.41,769
06-04-1999,115.62,118.05,115.62,118.05,5910
06-07-1999,118.85,118.85,117.65,118.45,1106
06-08-1999,118.05,118.05,115.22,116.03,1924
06-09-1999,114.81,116.43,114.81,116.43,1673
06-10-1999,116.43,116.43,115.62,115.62,353
06-11-1999,116.43,117.24,115.62,115.62,1588
06-14-1999,116.43,116.43,109.15,113.20,4152
06-15-1999,113.20,116.43,113.20,116.43,13645
06-16-1999,116.43,116.43,116.03,116.43,2449
06-17-1999,116.43,116.43,115.62,116.03,1170
06-18-1999,117.24,117.24,115.22,115.22,1787
06-21-1999,115.22,116.03,115.22,116.03,353
06-22-1999,115.22,116.43,114.81,116.43,4168
06-23-1999,116.43,116.43,115.22,116.03,1091
06-24-1999,115.62,116.03,115.62,115.62,961
06-25-1999,115.62,115.62,115.62,115.62,519
06-28-1999,116.03,116.84,116.03,116.43,3301
06-29-1999,116.43,116.43,116.03,116.03,1363
06-30-1999,115.22,117.65,115.22,117.24,9699
07-01-1999,116.43,118.45,116.43,118.05,4817
07-02-1999,118.25,118.45,117.65,118.45,2711
07-06-1999,118.85,118.85,118.05,118.45,991
07-07-1999,118.45,126.54,118.45,123.30,25052
07-08-1999,122.90,123.30,122.09,122.90,1076
07-09-1999,123.30,123.30,122.50,122.90,546
07-12-1999,121.69,121.69,118.45,118.45,800
07-13-1999,117.24,117.24,115.22,115.62,619
07-14-1999,114.00,114.81,113.60,114.41,2263
07-15-1999,114.00,114.00,111.18,112.39,3097
07-16-1999,111.98,112.39,111.18,111.18,2480
07-19-1999,109.96,109.96,106.73,107.13,3781
07-20-1999,106.73,106.73,104.71,105.11,2791
07-21-1999,104.71,104.71,104.30,104.30,3223
07-22-1999,103.49,103.49,101.07,103.09,7616
07-23-1999,102.68,103.49,101.47,103.49,2758
07-26-1999,103.49,107.13,103.49,107.13,2728
07-27-1999,107.13,108.34,107.13,108.34,856
07-28-1999,108.34,108.34,106.73,106.73,11818
07-29-1999,105.92,105.92,104.71,104.71,829
07-30-1999,105.11,105.11,104.30,104.30,1414
08-02-1999,102.68,103.09,97.02,97.02,3036
08-03-1999,97.02,97.02,90.15,92.58,10936
08-04-1999,93.39,94.60,93.39,94.20,4951
08-05-1999,94.20,94.60,94.20,94.60,2694
08-06-1999,95.01,95.41,94.20,94.20,7196
08-09-1999,94.60,94.60,94.20,94.20,1156
08-10-1999,94.20,94.60,94.20,94.60,3097
08-11-1999,94.60,95.01,94.60,95.01,2092
08-12-1999,95.01,95.01,93.79,93.79,1106
08-13-1999,93.79,93.79,93.39,93.79,769
08-16-1999,93.39,96.22,93.39,96.22,4104
08-17-1999,97.02,97.43,96.62,97.43,2355
08-18-1999,97.83,101.07,97.83,100.67,8772
08-19-1999,101.07,101.07,100.26,100.26,11772
08-20-1999,100.26,101.07,100.26,101.07,8511
08-23-1999,101.07,107.53,101.07,107.13,15078
08-24-1999,107.94,111.58,107.13,111.58,23664
08-25-1999,111.58,114.81,111.58,114.41,3082
08-26-1999,114.00,114.00,110.77,113.60,4381
08-27-1999,113.20,113.20,111.58,111.98,2391
08-30-1999,111.58,111.98,111.58,111.58,561
08-31-1999,110.77,110.77,109.15,109.56,1315
09-01-1999,108.75,109.15,108.34,108.34,991
09-02-1999,109.15,109.56,107.94,109.15,4090
09-03-1999,109.15,109.56,109.15,109.56,3702
09-07-1999,109.56,109.96,109.15,109.56,4462
09-08-1999,108.75,109.56,108.75,109.56,1998
09-09-1999,109.15,109.15,106.33,109.15,1984
09-10-1999,108.75,109.96,107.94,109.96,4462
09-13-1999,109.56,109.96,109.15,109.15,976
09-14-1999,108.75,108.75,106.73,106.73,3256
09-15-1999,107.13,107.13,104.71,105.52,933
09-16-1999,105.11,106.33,105.11,106.33,1091
09-17-1999,105.52,106.73,105.52,106.73,754
09-20-1999,105.92,106.33,105.92,106.33,920
09-21-1999,105.92,105.92,102.28,102.28,1967
09-22-1999,101.07,101.47,99.86,101.07,2824
09-23-1999,100.67,101.07,100.26,100.26,202
09-24-1999,100.26,100.26,99.86,99.86,722
09-27-1999,100.26,100.26,99.45,99.45,415
09-28-1999,97.02,97.02,95.41,95.41,41036
09-29-1999,95.41,96.22,94.60,94.60,1525
09-30-1999,94.60,94.60,94.20,94.20,428
10-01-1999,92.98,92.98,92.17,92.17,1601
10-04-1999,91.77,91.77,90.96,90.96,246
10-05-1999,91.36,93.39,90.96,93.39,54846
10-06-1999,95.01,95.41,93.39,93.79,5189
10-07-1999,93.39,94.20,92.17,93.39,4775
10-08-1999,93.39,94.60,85.70,85.70,35860
10-11-1999,86.51,89.35,86.51,89.35,589
10-12-1999,88.94,88.94,80.85,80.85,60287
10-13-1999,81.66,81.66,81.66,81.66,2111
10-14-1999,82.47,83.69,82.47,83.28,2247
10-15-1999,82.47,82.47,78.84,78.84,3870
10-18-1999,80.04,80.85,80.04,80.04,35070
10-19-1999,80.85,80.85,76.00,76.00,3178
10-20-1999,75.19,77.62,74.79,74.79,2664
10-21-1999,75.19,76.00,73.18,73.18,1229
10-22-1999,73.18,80.04,73.18,79.64,1525
10-25-1999,79.64,79.64,78.43,79.64,2294
10-26-1999,80.04,80.04,78.43,78.84,1910
10-27-1999,78.43,79.24,78.03,78.43,12836
10-28-1999,78.03,81.66,78.03,80.45,4996
10-29-1999,78.03,79.24,77.62,79.24,4196
11-01-1999,80.04,82.07,80.04,81.26,1718
11-02-1999,81.66,82.47,79.64,79.64,4506
11-03-1999,80.45,81.26,80.04,81.26,215
11-04-1999,81.66,81.66,77.62,77.62,3902
11-05-1999,76.81,78.43,76.81,77.62,2035
11-08-1999,78.43,79.24,78.43,78.43,4789
11-09-1999,78.43,78.84,75.19,76.81,10414
11-10-1999,77.22,77.62,64.28,71.15,270016
11-11-1999,71.96,79.24,71.96,78.84,8018
11-12-1999,78.43,80.85,78.43,79.24,7673
11-15-1999,80.45,84.09,80.45,82.47,8076
11-16-1999,82.47,84.09,82.47,83.28,7445
11-17-1999,84.09,89.75,84.09,88.13,7570
11-18-1999,87.73,90.56,80.85,82.47,4789
11-19-1999,82.88,82.88,81.66,82.07,619
11-22-1999,81.66,83.28,81.66,82.07,9094
11-23-1999,82.07,84.50,81.26,83.28,4891
11-24-1999,82.88,84.09,82.47,84.09,1967
11-26-1999,84.09,84.09,84.09,84.09,0
11-29-1999,83.28,83.28,81.26,81.26,4647
11-30-1999,80.85,80.85,80.04,80.04,3223
12-01-1999,79.64,80.85,79.24,80.45,1967
12-02-1999,79.64,80.04,76.81,76.81,3718
12-03-1999,76.81,76.81,74.39,74.39,1865
12-06-1999,73.58,73.58,73.18,73.18,1156
12-07-1999,73.98,73.98,73.18,73.18,3840
12-08-1999,72.37,72.37,70.34,70.34,19439
12-09-1999,70.75,70.75,66.71,66.71,8724
12-10-1999,66.30,68.32,64.68,66.30,16918
12-13-1999,66.30,66.71,64.68,64.68,58572
12-14-1999,65.09,67.92,65.09,65.90,20705
12-15-1999,66.71,69.53,66.71,69.13,16874
12-16-1999,69.53,77.62,69.53,76.81,16116
12-17-1999,76.41,76.81,75.60,76.81,6392
12-20-1999,76.81,76.81,71.96,72.77,6933
12-21-1999,72.77,75.19,72.77,74.39,8262
12-22-1999,73.58,75.19,72.77,73.18,30107
12-23-1999,73.98,77.62,73.98,75.19,5712
12-27-1999,75.60,76.00,74.39,75.19,12993
12-28-1999,75.19,76.81,74.79,76.81,3192
12-29-1999,76.81,77.22,76.00,76.81,7394
12-30-1999,77.22,77.22,75.60,77.22,10473
12-31-1999,77.22,84.90,76.81,84.09,24420
01-03-2000,84.09,84.09,81.66,82.07,842
01-04-2000,80.85,80.85,77.62,78.43,5511
01-05-2000,78.43,80.85,78.43,80.85,4321
01-06-2000,80.85,80.85,80.85,80.85,1952
01-07-2000,80.85,80.85,80.85,80.85,0
01-10-2000,84.09,84.09,80.85,80.85,6021
01-11-2000,81.66,82.07,81.66,82.07,687
01-12-2000,82.47,83.69,82.47,83.28,4152
01-13-2000,83.28,84.09,82.47,83.28,6069
01-14-2000,83.28,83.28,83.28,83.28,26
01-18-2000,83.69,84.09,82.88,82.88,3949
01-19-2000,82.07,82.07,80.45,80.85,14526
01-20-2000,80.04,80.04,76.00,77.62,8003
01-21-2000,78.03,78.03,76.41,76.41,920
01-24-2000,76.81,83.69,76.81,80.85,10486
01-25-2000,80.85,82.07,80.85,81.66,10951
01-26-2000,80.85,80.85,79.64,79.64,4242
01-27-2000,80.04,80.04,77.22,77.62,5400
01-28-2000,77.62,78.03,77.62,77.62,519
01-31-2000,77.62,78.03,76.81,76.81,9749
02-01-2000,76.81,78.43,76.81,78.43,2158
02-02-2000,80.04,83.69,78.84,81.66,6189
02-03-2000,82.47,83.69,82.07,83.28,5834
02-04-2000,83.69,83.69,81.66,81.66,3840
02-07-2000,82.47,82.47,80.85,81.26,4336
02-08-2000,80.85,83.69,80.04,80.04,6206
02-09-2000,80.85,80.85,78.43,79.24,9408
02-10-2000,78.03,80.04,78.03,80.04,6564
02-11-2000,80.04,80.85,76.81,78.43,10740
02-14-2000,77.62,81.26,77.22,80.85,15944
02-15-2000,80.85,84.09,80.85,80.85,8650
02-16-2000,81.66,86.51,81.26,85.30,25825
02-17-2000,85.30,88.94,85.30,87.32,3411
02-18-2000,88.13,96.22,88.13,88.94,11589
02-22-2000,89.35,91.36,87.32,90.56,3379
02-23-2000,91.36,94.60,90.56,94.60,18373
02-24-2000,95.41,97.02,95.41,95.41,1849
02-25-2000,95.81,95.81,92.98,93.79,3595
02-28-2000,92.98,92.98,92.17,92.17,202
02-29-2000,91.77,91.77,90.96,90.96,215
03-01-2000,91.36,91.36,88.94,89.75,7334
03-02-2000,89.75,89.75,88.94,89.75,353
03-03-2000,90.56,91.77,90.15,90.56,2989
03-06-2000,90.56,90.56,88.94,90.56,2544
03-07-2000,89.75,89.75,87.32,87.73,4996
03-08-2000,88.54,89.75,88.54,89.75,2263
03-09-2000,90.56,91.36,90.56,90.56,2631
03-10-2000,90.56,94.60,90.56,92.58,7924
03-13-2000,92.98,93.39,92.98,93.39,306
03-14-2000,93.39,93.39,92.17,92.17,784
03-15-2000,91.36,92.17,89.75,92.17,1704
03-16-2000,93.79,93.79,93.79,93.79,1525
03-17-2000,93.79,93.79,93.79,93.79,633
03-20-2000,92.98,95.41,92.98,95.41,3546
03-21-2000,95.01,95.01,94.60,94.60,633
03-22-2000,94.60,95.01,94.20,94.60,1588
03-23-2000,94.60,95.41,94.20,95.41,589
03-24-2000,94.60,94.60,92.17,92.17,4506
03-27-2000,92.17,93.79,92.17,93.39,2603
03-28-2000,94.60,97.83,94.60,97.83,2929
03-29-2000,99.45,104.30,99.05,102.68,2419
03-30-2000,104.30,109.15,104.30,107.53,2171
03-31-2000,108.34,111.58,108.34,109.96,2498
04-03-2000,109.96,110.77,108.34,109.96,886
04-04-2000,110.77,113.60,99.45,101.88,8666
04-05-2000,102.68,104.30,102.68,103.49,1718
04-06-2000,103.49,103.49,101.07,101.47,1414
04-07-2000,101.07,101.07,100.26,100.26,5559
04-10-2000,100.26,100.26,99.45,99.45,546
04-11-2000,98.64,98.64,97.02,97.43,9853
04-12-2000,97.43,99.45,97.43,99.45,754
04-13-2000,99.45,100.26,98.64,100.26,121
04-14-2000,98.64,98.64,97.02,97.02,1363
04-17-2000,97.02,98.64,97.02,98.64,202
04-18-2000,98.64,98.64,98.64,98.64,0
04-19-2000,99.45,100.26,99.45,100.26,1026
04-20-2000,98.64,98.64,97.83,97.83,134
04-24-2000,98.64,100.26,97.02,100.26,1952
04-25-2000,101.07,101.07,98.64,98.64,519
04-26-2000,97.83,97.83,96.22,96.22,1383
04-27-2000,96.22,97.02,96.22,97.02,370
04-28-2000,96.22,97.02,96.22,96.22,261
05-01-2000,96.22,97.43,96.22,97.02,2574
05-02-2000,97.43,98.24,97.43,97.43,1188
05-03-2000,98.24,98.24,97.43,97.43,842
05-04-2000,98.24,98.24,97.02,97.02,330
05-05-2000,97.02,97.02,96.22,96.22,619
05-08-2000,97.02,97.02,97.02,97.02,215
05-09-2000,96.22,96.22,93.79,95.01,1461
05-10-2000,95.01,95.01,95.01,95.01,66
05-11-2000,95.41,97.02,94.60,95.41,1849
05-12-2000,95.01,95.01,95.01,95.01,52
05-15-2000,96.22,97.02,95.41,96.62,784
05-16-2000,96.62,96.62,95.41,95.41,1009
05-17-2000,95.01,96.62,95.01,96.22,1138
05-18-2000,97.02,97.83,94.60,94.60,1687
05-19-2000,94.60,94.60,94.60,94.60,39
05-22-2000,94.20,94.60,93.79,94.60,174
05-23-2000,95.41,96.22,95.41,96.22,976
05-24-2000,96.22,99.86,96.22,99.45,3687
05-25-2000,97.83,97.83,95.41,96.62,1657
05-26-2000,97.02,97.02,94.60,95.41,1076
05-30-2000,96.22,96.22,93.79,95.81,1673
05-31-2000,95.41,99.45,95.41,96.22,9781
06-01-2000,94.60,95.41,94.60,95.41,402
06-02-2000,94.60,95.81,94.60,95.81,233
06-05-2000,96.22,96.22,96.22,96.22,370
06-06-2000,96.22,96.22,96.22,96.22,0
06-07-2000,95.41,95.41,93.79,93.79,619
06-08-2000,93.79,94.60,93.39,93.39,703
06-09-2000,93.39,94.60,93.39,94.60,106
06-12-2000,93.79,93.79,92.98,92.98,1076
06-13-2000,92.98,92.98,92.98,92.98,0
06-14-2000,92.98,92.98,92.98,92.98,52
06-15-2000,93.79,95.41,92.98,92.98,2111
06-16-2000,92.98,92.98,92.98,92.98,0
06-19-2000,92.98,92.98,92.17,92.17,174
06-20-2000,92.17,96.62,92.17,96.22,2711
06-21-2000,96.22,96.22,94.60,94.60,386
06-22-2000,92.98,93.79,92.17,92.17,575
06-23-2000,91.36,91.36,90.56,90.56,402
06-26-2000,90.56,90.56,90.56,90.56,2854
06-27-2000,96.22,98.64,94.60,95.41,3394
06-28-2000,94.60,94.60,91.36,92.98,2325
06-29-2000,92.98,92.98,90.56,90.56,2419
06-30-2000,91.36,91.36,87.32,87.32,6793
07-03-2000,87.32,87.32,87.32,87.32,3142
07-05-2000,88.13,88.94,87.32,88.94,1138
07-06-2000,87.32,87.32,87.32,87.32,3256
07-07-2000,87.32,87.32,87.32,87.32,161
07-10-2000,87.32,88.94,87.32,87.32,933
07-11-2000,88.13,88.13,84.90,84.90,3036
07-12-2000,85.70,85.70,84.90,85.70,633
07-13-2000,85.70,86.51,84.90,86.51,1865
07-14-2000,86.51,86.51,84.90,84.90,2681
07-17-2000,85.30,85.30,84.90,84.90,1475
07-18-2000,84.90,85.30,84.90,85.30,476
07-19-2000,84.90,86.11,84.90,86.11,633
07-20-2000,86.51,86.51,84.09,84.09,1924
07-21-2000,83.28,83.69,83.28,83.69,1448
07-24-2000,83.28,83.28,80.85,81.66,1967
07-25-2000,82.47,83.28,81.66,82.07,1259
07-26-2000,81.66,84.09,81.66,82.47,1588
07-27-2000,80.85,87.32,80.85,84.09,10983
07-28-2000,84.50,88.94,84.09,84.09,3223
07-31-2000,85.70,87.32,85.70,87.32,4775
08-01-2000,85.70,85.70,84.09,84.09,3271
08-02-2000,84.09,84.09,82.47,82.47,5447
08-03-2000,82.47,85.70,82.47,85.70,1998
08-04-2000,85.70,92.17,85.70,85.70,1865
08-07-2000,88.13,90.15,88.13,89.75,10239
08-08-2000,89.75,91.36,89.75,90.56,3824
08-09-2000,90.56,97.83,90.56,95.81,11490
08-10-2000,95.41,95.41,92.17,92.17,7570
08-11-2000,92.98,92.98,92.17,92.98,1202
08-14-2000,92.17,92.17,90.96,90.96,161
08-15-2000,90.96,91.36,89.75,89.75,1967
08-16-2000,88.94,88.94,88.54,88.54,3870
08-17-2000,88.54,88.54,88.54,88.54,92
08-18-2000,88.54,88.54,88.54,88.54,306
08-21-2000,89.75,89.75,89.75,89.75,2374
08-22-2000,90.15,90.15,88.94,90.15,1202
08-23-2000,89.75,89.75,89.75,89.75,0
08-24-2000,90.15,90.15,89.75,90.15,4272
08-25-2000,89.75,89.75,88.94,88.94,275
08-28-2000,88.54,88.54,88.54,88.54,134
08-29-2000,88.54,88.54,88.54,88.54,0
08-30-2000,88.54,88.54,88.13,88.13,1673
08-31-2000,88.94,88.94,88.13,88.13,4862
09-01-2000,88.54,88.54,88.13,88.13,1287
09-05-2000,88.94,88.94,88.13,88.13,290
09-06-2000,84.90,87.32,84.90,86.51,9517
09-07-2000,88.13,88.13,88.13,88.13,1767
09-08-2000,88.13,88.13,88.13,88.13,0
09-11-2000,87.32,87.32,87.32,87.32,52
09-12-2000,87.73,87.73,87.73,87.73,161
09-13-2000,87.32,87.32,87.32,87.32,13
09-14-2000,88.94,90.56,88.94,90.56,29687
09-15-2000,91.36,95.81,91.36,94.60,2079
09-18-2000,95.41,100.26,94.60,95.01,5157
09-19-2000,95.81,96.22,93.39,93.39,9345
09-20-2000,93.79,94.60,93.39,93.79,11801
09-21-2000,93.79,93.79,93.79,93.79,23213
09-22-2000,95.01,103.49,95.01,103.49,13938
09-25-2000,103.49,106.73,100.26,100.26,7570
09-26-2000,100.26,100.26,100.26,100.26,1525
09-27-2000,99.45,99.45,98.24,98.24,189
09-28-2000,97.43,104.71,97.43,100.26,8915
09-29-2000,101.88,103.49,101.88,101.88,202
10-02-2000,102.68,106.73,102.68,103.49,3749
10-03-2000,103.90,104.71,103.49,103.49,1704
10-04-2000,104.71,104.71,102.68,102.68,1615
10-05-2000,101.88,101.88,101.07,101.07,275
10-06-2000,99.45,99.45,98.64,98.64,174
10-09-2000,98.64,98.64,97.02,97.02,1571
10-10-2000,96.22,96.22,90.56,90.56,1849
10-11-2000,90.56,90.56,88.94,88.94,1383
10-12-2000,88.94,88.94,81.26,83.28,7009
10-13-2000,84.09,84.09,84.09,84.09,2791
10-16-2000,84.09,84.09,83.28,84.09,933
10-17-2000,82.47,82.47,81.66,81.66,769
10-18-2000,81.26,84.90,81.26,84.90,3054
10-19-2000,84.90,85.70,81.66,85.70,13349
10-20-2000,87.32,92.17,87.32,92.17,1363
10-23-2000,92.17,97.02,92.17,94.60,3609
10-24-2000,94.60,94.60,92.98,92.98,3036
10-25-2000,93.79,95.41,93.79,94.60,5246
10-26-2000,95.41,95.41,93.79,93.79,2016
10-27-2000,92.98,93.39,91.77,93.39,1984
10-30-2000,92.58,93.39,91.36,91.36,933
10-31-2000,92.98,96.62,92.98,96.62,991
11-01-2000,94.60,94.60,88.13,90.56,20503
11-02-2000,87.32,91.36,87.32,91.36,6344
11-03-2000,92.17,92.98,89.75,89.75,6903
11-06-2000,90.15,92.17,90.15,90.56,9318
11-07-2000,92.17,92.17,89.75,91.36,2035
11-08-2000,90.56,90.56,89.75,90.15,290
11-09-2000,88.94,88.94,88.94,88.94,442
11-10-2000,89.75,89.75,89.75,89.75,428
11-13-2000,87.32,87.32,86.51,86.92,1188
11-14-2000,87.73,88.13,87.73,88.13,1556
11-15-2000,89.75,93.39,89.75,92.98,9049
11-16-2000,92.98,93.79,92.98,93.79,290
11-17-2000,94.60,95.41,92.58,92.58,687
11-20-2000,92.98,95.41,92.98,95.41,12961
11-21-2000,95.41,97.83,95.41,96.62,5480
11-22-2000,96.62,97.02,96.22,96.22,815
11-24-2000,96.22,96.22,94.60,94.60,1170
11-27-2000,95.41,96.22,95.41,96.22,1091
11-28-2000,96.22,96.22,94.60,96.22,1835
11-29-2000,95.41,96.22,94.60,96.22,3021
11-30-2000,94.60,94.60,88.13,88.13,4321
12-01-2000,88.94,90.56,88.94,88.94,3127
12-04-2000,89.75,91.36,89.75,90.15,2664
12-05-2000,90.15,92.98,90.15,92.98,800
12-06-2000,93.39,98.64,93.39,97.02,1273
12-07-2000,96.22,96.62,95.41,96.22,1787
12-08-2000,96.22,96.22,95.41,95.41,3379
12-11-2000,95.41,96.62,94.19,95.41,12809
12-12-2000,94.60,96.62,94.60,96.62,5925
12-13-2000,96.62,98.24,95.41,96.22,21389
12-14-2000,96.62,97.02,95.41,96.22,1363
12-15-2000,96.22,97.02,95.41,96.22,7445
12-18-2000,97.02,100.26,97.02,100.26,1924
12-19-2000,99.45,103.49,99.45,103.49,2528
12-20-2000,104.30,108.34,104.30,106.73,3964
12-21-2000,105.92,110.77,105.92,110.77,4565
12-22-2000,109.96,109.96,108.34,108.75,4259
12-26-2000,107.53,108.34,106.73,107.94,8198
12-27-2000,106.73,110.77,106.73,110.77,11059
12-28-2000,109.96,110.77,109.15,109.15,11216
12-29-2000,109.56,109.56,108.75,109.15,1259
01-02-2001,108.75,113.20,107.94,107.94,22113
01-03-2001,107.53,107.53,107.53,107.53,605
01-04-2001,107.53,107.53,107.53,107.53,6162
01-05-2001,105.92,105.92,103.49,103.49,3811
01-08-2001,101.88,101.88,96.22,96.22,5987
01-09-2001,97.02,100.26,97.02,100.26,2758
01-10-2001,99.45,101.47,99.45,101.47,829
01-11-2001,101.07,101.07,101.07,101.07,856
01-12-2001,101.88,101.88,101.88,101.88,26
01-16-2001,101.07,106.73,101.07,106.73,5157
01-17-2001,105.92,106.73,102.68,104.30,3870
01-18-2001,105.11,109.96,105.11,109.56,1967
01-19-2001,108.34,109.96,107.13,107.13,1259
01-22-2001,106.73,108.34,106.73,107.53,1259
01-23-2001,108.34,109.15,107.13,108.34,2465
01-24-2001,107.53,112.39,107.53,111.98,8045
01-25-2001,111.17,115.62,111.17,113.20,23522
01-26-2001,113.20,114.41,111.58,111.58,12961
01-29-2001,111.58,113.20,109.96,112.18,4075
01-30-2001,112.18,113.20,110.92,111.88,6134
01-31-2001,112.18,114.46,109.96,111.22,23535
02-01-2001,110.57,113.80,110.57,111.88,2187
02-02-2001,111.22,113.80,111.22,113.50,8076
02-05-2001,113.80,114.81,113.20,113.20,18682
02-06-2001,113.80,118.05,113.80,113.80,4381
02-07-2001,115.11,116.73,115.11,116.43,2631
02-08-2001,116.43,122.90,116.43,122.24,6310
02-09-2001,122.24,129.37,122.24,126.13,7135
02-12-2001,126.13,129.97,126.13,126.13,6361
02-13-2001,126.13,129.37,126.13,127.75,3097
02-14-2001,127.75,129.37,120.62,122.24,10399
02-15-2001,122.90,123.51,122.24,123.51,161
02-16-2001,120.27,120.27,106.73,113.20,8494
02-20-2001,114.46,119.66,114.46,119.66,4996
02-21-2001,116.43,116.43,115.11,115.11,353
02-22-2001,115.11,117.69,115.11,116.08,2111
02-23-2001,115.77,115.77,115.77,115.77,3811
02-26-2001,115.11,115.77,109.96,109.96,3256
02-27-2001,109.96,110.26,107.99,108.95,6162
02-28-2001,109.61,111.58,106.07,110.77,21787
03-01-2001,111.43,115.42,111.38,115.42,886
03-02-2001,114.81,117.03,114.81,117.03,633
03-05-2001,118.65,119.66,117.03,117.03,1273
03-06-2001,116.43,116.43,114.46,114.46,174
03-07-2001,113.20,116.43,113.20,116.43,462
03-08-2001,115.77,115.77,114.81,114.81,79
03-09-2001,113.50,114.15,111.22,112.54,886
03-12-2001,112.54,114.81,111.58,114.81,1414
03-13-2001,114.81,116.43,114.81,116.43,92
03-14-2001,115.77,116.43,115.77,116.43,1821
03-15-2001,116.43,116.43,116.43,116.43,589
03-16-2001,116.43,116.43,116.13,116.43,3996
03-19-2001,118.05,121.28,116.43,117.95,3496
03-20-2001,119.01,119.01,117.39,117.39,189
03-21-2001,116.43,116.43,109.96,109.96,2805
03-22-2001,109.96,110.01,109.96,110.01,1156
03-23-2001,110.01,110.01,107.33,107.33,9795
03-26-2001,109.96,109.96,109.86,109.96,79
03-27-2001,110.57,113.80,109.30,113.80,2544
03-28-2001,112.54,116.43,112.54,116.43,829
03-29-2001,114.81,114.81,113.20,113.20,202
03-30-2001,111.58,111.58,100.26,106.07,7988
04-02-2001,107.33,107.33,106.37,106.37,161
04-03-2001,106.37,106.37,105.82,105.82,2126
04-04-2001,105.41,107.59,105.11,106.73,2617
04-05-2001,107.33,110.57,107.33,109.96,1657
04-06-2001,109.30,109.96,108.95,109.96,202
04-09-2001,110.57,110.57,109.30,109.96,2711
04-10-2001,109.96,109.96,109.61,109.86,769
04-11-2001,109.20,109.20,109.20,109.20,66
04-12-2001,109.86,110.57,109.86,110.57,92
04-16-2001,109.30,109.96,108.95,109.96,886
04-17-2001,109.96,109.96,109.96,109.96,134
04-18-2001,109.30,110.57,104.76,110.26,3670
04-19-2001,109.96,116.43,109.96,113.95,8959
04-20-2001,114.46,115.77,114.46,115.77,462
04-23-2001,115.11,118.35,114.46,118.35,2035
04-24-2001,118.35,118.35,115.11,116.08,4720
04-25-2001,116.08,116.08,114.15,114.15,2092
04-26-2001,114.81,117.39,114.81,116.43,901
04-27-2001,116.43,116.43,116.43,116.43,290
04-30-2001,116.08,116.08,116.08,116.08,920
05-01-2001,116.08,116.43,116.08,116.43,2325
05-02-2001,114.81,116.23,114.46,115.42,5433
05-03-2001,115.42,116.13,114.81,114.81,16274
05-04-2001,114.15,114.15,109.96,111.88,3362
05-07-2001,112.54,113.20,112.54,113.20,79
05-08-2001,112.54,112.54,112.54,112.54,66
05-09-2001,111.88,114.15,111.88,114.15,1414
05-10-2001,114.15,114.46,113.60,114.46,1009
05-11-2001,113.80,114.81,113.80,114.81,189
05-14-2001,109.96,114.46,109.96,114.00,5941
05-15-2001,114.00,115.77,114.00,115.37,1733
05-16-2001,116.03,116.03,115.11,115.11,3781
05-17-2001,115.77,115.77,114.81,114.81,2758
05-18-2001,114.81,114.81,114.81,114.81,202
05-21-2001,116.08,116.08,114.46,114.46,4832
05-22-2001,114.46,114.51,114.46,114.51,402
05-23-2001,114.15,114.15,111.88,111.88,2263
05-24-2001,112.18,112.18,112.18,112.18,202
05-25-2001,112.18,112.18,112.18,112.18,215
05-29-2001,111.22,111.22,108.95,110.32,4211
05-30-2001,110.57,113.50,110.26,110.26,9579
05-31-2001,109.96,113.80,109.96,112.54,6715
06-01-2001,111.43,111.43,108.95,111.38,4075
06-04-2001,111.43,111.43,109.96,110.37,2355
06-05-2001,111.22,111.22,110.92,111.22,1556
06-06-2001,111.22,111.22,110.06,110.92,1687
06-07-2001,110.92,110.92,110.92,110.92,174
06-08-2001,110.92,111.38,110.92,111.38,933
06-11-2001,110.97,114.46,110.57,114.46,7409
06-12-2001,115.77,122.90,115.77,120.93,32025
06-13-2001,121.58,122.24,120.62,122.24,3223
06-14-2001,121.89,121.89,120.52,120.62,1170
06-15-2001,119.97,119.97,116.83,119.92,3054
06-18-2001,119.31,119.31,116.43,116.48,1643
06-19-2001,116.68,117.39,116.43,117.39,3455
06-20-2001,117.39,120.27,116.73,119.66,3097
06-21-2001,119.66,119.66,119.66,119.66,134
06-22-2001,119.01,119.66,119.01,119.01,561
06-25-2001,119.01,119.01,118.35,118.40,1058
06-26-2001,118.35,122.90,118.35,122.90,1301
06-27-2001,122.24,122.24,121.89,121.89,754
06-28-2001,121.28,125.12,120.93,123.86,2202
06-29-2001,123.71,129.37,122.90,126.13,2561
07-02-2001,126.13,126.13,123.61,124.26,1525
07-03-2001,124.38,124.64,123.87,123.87,1170
07-05-2001,123.87,126.07,122.96,124.19,12620
07-06-2001,123.22,124.51,119.66,123.54,1998
07-09-2001,123.54,125.48,123.54,124.51,1123
07-10-2001,128.72,128.72,120.31,120.96,4462
07-11-2001,121.60,121.93,121.60,121.73,1849
07-12-2001,121.99,122.90,121.93,121.93,6745
07-13-2001,122.90,122.90,122.06,122.06,856
07-16-2001,122.12,122.90,122.12,122.70,754
07-17-2001,122.90,122.90,121.60,122.57,1571
07-18-2001,122.64,122.90,122.64,122.64,386
07-19-2001,122.44,122.44,120.96,120.96,4026
07-20-2001,120.31,120.31,119.34,119.99,148
07-23-2001,120.63,122.90,120.63,122.90,1009
07-24-2001,122.83,122.83,122.25,122.25,784
07-25-2001,122.25,122.25,120.96,120.96,829
07-26-2001,120.96,120.96,120.31,120.31,26
07-27-2001,120.18,120.18,114.49,117.72,1657
07-30-2001,117.72,117.72,117.72,117.72,0
07-31-2001,117.08,117.08,113.26,114.10,1556
08-01-2001,113.84,113.84,113.84,113.84,202
08-02-2001,114.23,114.88,114.23,114.88,148
08-03-2001,115.78,115.78,113.84,113.84,161
08-06-2001,113.84,113.84,113.20,113.20,1301
08-07-2001,113.13,113.13,109.96,111.25,2277
08-08-2001,97.02,102.20,97.02,101.88,57844
08-09-2001,101.88,102.20,101.42,102.20,1461
08-10-2001,101.55,101.88,100.90,101.88,619
08-13-2001,102.33,106.08,102.33,106.08,1043
08-14-2001,107.70,116.43,107.70,112.55,3316
08-15-2001,111.90,111.90,108.02,111.25,4535
08-16-2001,109.96,110.61,108.34,110.61,1123
08-17-2001,109.96,109.96,107.37,109.96,646
08-20-2001,109.83,109.90,107.37,107.96,738
08-21-2001,108.34,110.61,108.34,109.96,1398
08-22-2001,109.96,110.22,107.37,109.31,1753
08-23-2001,108.67,108.67,103.56,106.73,1301
08-24-2001,108.02,109.96,107.37,108.02,1556
08-27-2001,106.73,107.70,102.85,106.08,3379
08-28-2001,106.08,109.31,104.20,109.31,4304
08-29-2001,109.44,109.96,105.04,109.77,3902
08-30-2001,108.34,111.58,105.63,111.58,1414
08-31-2001,108.99,109.90,108.34,109.18,1879
09-04-2001,108.67,112.55,108.67,110.61,1026
09-05-2001,110.41,116.30,109.31,114.81,4817
09-06-2001,114.49,114.81,112.23,112.23,1525
09-07-2001,110.61,113.84,109.31,113.07,7319
09-10-2001,111.58,112.87,108.99,112.87,1188
09-17-2001,87.32,90.56,86.35,90.56,60933
09-18-2001,89.91,90.56,88.94,88.94,1461
09-19-2001,87.97,87.97,75.36,75.68,18653
09-20-2001,75.68,76.65,75.03,76.00,35595
09-21-2001,75.36,75.36,72.12,72.32,9318
09-24-2001,73.09,73.41,67.27,67.27,8538
09-25-2001,67.27,67.59,67.27,67.34,1835
09-26-2001,67.79,67.79,67.79,67.79,215
09-27-2001,67.79,69.53,67.79,69.53,2311
09-28-2001,70.18,78.27,70.18,76.00,26277
10-01-2001,76.00,79.88,76.00,79.24,2231
10-02-2001,79.88,88.94,79.88,88.94,3069
10-03-2001,88.29,91.85,88.29,90.49,17940
10-04-2001,90.56,90.56,88.62,89.26,7394
10-05-2001,88.94,88.94,87.32,87.64,402
10-08-2001,87.64,87.64,84.86,87.64,2355
10-09-2001,87.00,87.00,86.35,87.00,1615
10-10-2001,86.35,87.00,86.35,87.00,134
10-11-2001,87.32,89.59,87.32,89.59,2325
10-12-2001,89.33,89.33,86.35,89.26,2325
10-15-2001,88.94,89.52,88.94,89.52,633
10-16-2001,89.52,90.23,87.64,87.64,2391
10-17-2001,87.97,90.23,87.97,89.91,489
10-18-2001,90.04,90.23,89.91,90.10,646
10-19-2001,90.10,90.23,90.04,90.04,121
10-22-2001,89.84,89.84,89.65,89.65,1301
10-23-2001,89.65,89.65,89.65,89.65,0
10-24-2001,89.91,90.17,89.71,89.91,961
10-25-2001,89.71,89.71,89.26,89.26,26
10-26-2001,88.94,88.94,81.05,82.15,1525
10-29-2001,82.79,83.44,82.79,82.79,202
10-30-2001,82.73,84.09,77.94,84.09,2514
10-31-2001,83.44,83.50,80.72,82.79,2092
11-01-2001,83.44,84.09,82.66,82.66,215
11-02-2001,82.79,82.79,81.63,81.63,121
11-05-2001,81.82,83.44,78.91,82.02,3004
11-06-2001,80.72,84.09,80.40,84.09,575
11-07-2001,84.73,93.14,84.73,91.20,7881
11-08-2001,90.88,90.88,87.64,90.56,1156
11-09-2001,90.43,90.43,89.26,89.46,161
11-12-2001,89.46,89.65,89.13,89.33,3980
11-13-2001,89.91,90.23,88.81,88.81,2974
11-14-2001,88.94,88.94,88.81,88.94,1657
11-15-2001,88.81,88.81,88.81,88.81,13
11-16-2001,88.75,90.10,88.68,89.97,489
11-19-2001,88.94,88.94,85.38,88.29,2277
11-20-2001,88.10,88.10,87.13,87.97,2171
11-21-2001,88.68,89.33,88.03,88.03,2237
11-23-2001,88.62,89.33,88.62,89.07,147
11-26-2001,89.01,89.33,89.01,89.20,288
11-27-2001,89.07,89.07,88.62,88.68,92
11-28-2001,88.03,88.23,87.71,87.71,3379
11-29-2001,87.84,91.35,87.84,91.35,1795
11-30-2001,92.00,98.75,92.00,95.83,2993
12-03-2001,95.83,95.83,95.83,95.83,0
12-04-2001,94.85,100.64,94.85,99.40,10132
12-05-2001,101.03,103.30,99.08,101.29,4901
12-06-2001,100.31,100.64,99.66,100.64,503
12-07-2001,100.64,100.64,100.38,100.38,79
12-10-2001,100.64,103.63,99.40,103.63,825
12-11-2001,104.93,105.06,102.72,104.93,427
12-12-2001,104.93,104.93,104.54,104.54,134
12-13-2001,102.33,102.33,102.33,102.33,461
12-14-2001,101.35,104.86,99.40,104.86,2683
12-17-2001,104.60,104.80,103.04,104.73,1609
12-18-2001,103.95,105.19,103.95,105.12,3040
12-19-2001,103.95,106.55,103.95,104.73,1596
12-20-2001,104.34,104.34,103.56,103.95,3437
12-21-2001,103.95,107.20,103.95,106.87,4732
12-24-2001,106.55,107.46,106.55,107.46,161
12-26-2001,106.55,108.50,106.55,108.43,401
12-27-2001,107.85,108.56,107.52,108.31,5167
12-28-2001,106.87,109.73,106.87,109.34,2378
12-31-2001,109.21,116.62,109.21,114.61,8489
01-02-2002,114.41,116.23,112.07,113.63,1549
01-03-2002,113.44,116.30,110.51,115.00,2085
01-04-2002,115.00,116.62,111.75,116.62,631
01-07-2002,116.30,116.55,115.97,115.97,752
01-08-2002,115.00,115.65,114.02,114.22,701
01-09-2002,114.22,116.55,113.18,116.55,1827
01-10-2002,116.43,116.43,116.36,116.43,188
01-11-2002,115.97,115.97,114.35,114.93,1053
01-14-2002,114.93,114.93,114.74,114.93,305
01-15-2002,113.50,113.57,109.47,109.67,811
01-16-2002,107.85,110.77,107.85,109.99,3962
01-17-2002,109.80,111.10,109.80,111.10,3796
01-18-2002,110.77,113.05,110.77,112.92,2162
01-22-2002,112.66,112.72,112.66,112.72,767
01-23-2002,111.10,112.40,109.47,112.40,1650
01-24-2002,109.86,111.03,109.86,111.03,66
01-25-2002,110.97,112.33,110.97,112.33,2607
01-28-2002,112.33,112.33,110.45,110.77,3334
01-29-2002,111.10,112.27,110.51,110.51,1102
01-30-2002,110.51,110.51,110.51,110.51,1520
01-31-2002,109.80,110.45,109.15,110.45,4962
02-01-2002,110.25,110.25,110.25,110.25,13
02-04-2002,107.26,110.25,107.26,110.25,147
02-05-2002,110.19,110.45,110.19,110.45,1564
02-06-2002,110.45,115.32,110.45,113.05,8054
02-07-2002,112.07,115.00,112.07,115.00,1237
02-08-2002,114.93,115.00,113.70,113.70,866
02-11-2002,113.05,113.05,112.40,112.40,4750
02-12-2002,112.72,114.02,112.72,113.70,4486
02-13-2002,114.35,124.74,114.35,124.74,33930
02-14-2002,126.69,127.34,125.07,126.04,20557
02-15-2002,125.07,130.59,125.07,127.28,170869
02-19-2002,127.28,127.28,123.44,123.44,1360
02-20-2002,124.62,126.44,124.62,126.11,9335
02-21-2002,125.85,127.09,125.85,127.09,7309
02-22-2002,125.46,130.02,124.68,127.09,12546
02-25-2002,127.16,127.16,125.72,127.09,1802
02-26-2002,127.09,127.09,126.77,127.09,13814
02-27-2002,127.42,129.05,127.03,129.05,15671
02-28-2002,129.70,131.98,127.74,130.35,17404
03-01-2002,130.35,131.20,130.35,131.20,22469
03-04-2002,131.91,131.91,130.35,131.65,6279
03-05-2002,131.65,136.87,131.65,136.87,8999
03-06-2002,136.87,136.87,132.96,135.56,3134
03-07-2002,136.74,138.11,136.74,138.04,15717
03-08-2002,138.04,138.04,136.87,137.39,2771
03-11-2002,138.17,144.04,138.17,143.06,3964
03-12-2002,143.06,144.69,143.06,144.36,5071
03-13-2002,144.04,144.43,143.06,144.43,9244
03-14-2002,144.43,144.43,143.84,144.36,6694
03-15-2002,144.23,145.99,143.91,145.21,16945
03-18-2002,145.93,145.93,145.02,145.67,1604
03-19-2002,145.54,148.21,145.34,146.32,2389
03-20-2002,144.04,144.69,140.78,144.69,2689
03-21-2002,145.47,147.56,145.47,147.56,630
03-22-2002,145.93,146.32,143.06,146.32,2245
03-25-2002,144.69,148.60,141.76,148.60,3337
03-26-2002,148.40,152.84,145.34,152.84,3444
03-27-2002,151.47,154.79,148.47,154.79,4827
03-28-2002,155.44,156.42,150.62,156.42,4976
04-01-2002,156.42,156.42,151.86,152.38,7296
04-02-2002,152.71,154.46,152.51,153.81,3783
04-03-2002,154.14,155.12,154.14,154.79,1403
04-04-2002,155.44,155.44,154.46,154.92,1419
04-05-2002,154.27,155.77,154.27,155.31,1173
04-08-2002,155.96,160.33,155.96,160.33,1660
04-09-2002,159.68,160.33,159.22,160.33,1865
04-10-2002,161.31,162.94,161.31,162.94,2092
04-11-2002,162.94,162.94,161.96,162.29,3059
04-12-2002,162.87,162.94,162.35,162.81,214
04-15-2002,162.94,164.89,162.94,164.89,1836
04-16-2002,164.89,167.83,164.89,167.70,2201
04-17-2002,167.24,167.50,166.20,167.44,718
04-18-2002,167.50,168.48,166.85,167.76,779
04-19-2002,167.96,168.41,167.96,168.15,346
04-22-2002,168.48,169.52,168.48,169.52,385
04-23-2002,168.80,169.46,168.74,169.00,20089
04-24-2002,167.57,168.22,165.55,166.91,8846
04-25-2002,165.61,166.85,165.55,166.20,1497
04-26-2002,166.20,167.83,166.20,167.83,926
04-29-2002,166.20,167.83,166.20,167.17,121
04-30-2002,167.24,169.13,167.24,169.07,751
05-01-2002,169.46,171.93,169.46,171.02,2676
05-02-2002,171.41,171.41,169.46,171.08,878
05-03-2002,171.08,171.08,171.08,171.08,0
05-06-2002,171.74,175.97,171.74,173.69,1453
05-07-2002,173.69,174.80,172.06,172.71,1132
05-08-2002,174.34,175.97,165.35,165.41,7940
05-09-2002,165.41,165.41,149.90,155.12,9413
05-10-2002,154.79,159.68,154.79,158.38,1851
05-13-2002,159.68,159.68,156.42,156.42,105
05-14-2002,156.42,156.49,156.42,156.49,1193
05-15-2002,156.49,156.49,155.12,155.18,643
05-16-2002,154.46,154.46,153.81,153.81,1336
05-17-2002,153.81,153.81,153.81,153.81,0
05-20-2002,152.90,153.88,149.97,149.97,4531
05-21-2002,149.97,151.21,149.90,150.03,6483
05-22-2002,150.23,151.60,149.97,150.95,21031
05-23-2002,151.01,154.35,151.01,154.28,2271
05-24-2002,154.54,155.20,154.54,154.54,1479
05-28-2002,156.50,156.83,156.44,156.50,924
05-29-2002,155.85,155.85,155.20,155.20,26
05-30-2002,156.83,156.83,152.97,153.82,1963
05-31-2002,153.82,158.46,149.31,157.81,8670
06-03-2002,157.74,157.81,154.28,157.48,3373
06-04-2002,157.55,157.55,156.70,156.70,980
06-05-2002,156.18,156.47,156.18,156.37,1556
06-06-2002,155.85,158.27,155.52,158.27,1587
06-07-2002,157.81,158.92,157.03,158.46,1368
06-10-2002,158.33,158.79,158.20,158.79,1628
06-11-2002,158.14,160.10,158.14,159.44,1097
06-12-2002,159.57,160.10,159.57,159.77,599
06-13-2002,159.77,159.77,158.79,158.79,2439
06-14-2002,158.46,158.46,152.65,153.23,3111
06-17-2002,153.89,155.20,153.69,154.22,980
06-18-2002,154.22,155.39,154.22,155.20,3021
06-19-2002,155.52,156.24,155.52,156.24,346
06-20-2002,155.85,155.85,154.87,154.87,527
06-21-2002,154.54,154.54,154.22,154.54,214
06-24-2002,154.28,154.28,152.25,152.25,287
06-25-2002,151.60,151.60,150.29,150.29,1232
06-26-2002,149.15,149.15,149.15,149.15,1171
06-27-2002,150.62,150.62,148.53,148.53,1907
06-28-2002,148.99,151.60,148.99,151.60,6707
07-01-2002,150.95,151.34,150.16,151.08,7854
07-02-2002,150.82,150.82,149.64,149.64,1232
07-03-2002,149.64,149.64,148.66,148.66,7997
07-05-2002,148.33,148.33,148.33,148.33,26
07-08-2002,148.33,148.33,146.70,146.70,4565
07-09-2002,147.22,147.75,146.38,146.38,1876
07-10-2002,146.05,146.05,140.49,141.47,1672
07-11-2002,142.06,143.76,142.06,143.17,498
07-12-2002,143.24,143.24,142.45,143.17,118
07-15-2002,144.41,145.00,144.41,145.00,11069
07-16-2002,146.05,146.05,145.39,145.46,259
07-17-2002,144.74,144.74,142.13,142.78,2744
07-18-2002,142.71,142.71,142.71,142.71,13
07-19-2002,141.80,141.80,141.80,141.80,118
07-22-2002,142.13,142.13,129.58,129.58,3878
07-23-2002,128.93,128.99,115.14,121.54,8116
07-24-2002,120.24,122.52,119.26,122.52,1510
07-25-2002,121.87,122.59,121.22,122.59,820
07-26-2002,121.54,123.50,121.54,123.50,381
07-29-2002,124.16,125.79,124.16,125.79,2809
07-30-2002,125.14,127.42,125.14,127.42,793
07-31-2002,127.16,128.73,127.16,128.73,1079
08-01-2002,128.73,135.59,128.73,135.53,1261
08-02-2002,135.26,135.26,135.26,135.26,3036
08-05-2002,135.92,137.23,135.59,136.57,807
08-06-2002,137.55,148.66,137.29,148.66,3068
08-07-2002,148.66,151.93,143.11,151.93,4369
08-08-2002,155.20,156.18,153.56,154.61,27321
08-09-2002,153.56,155.85,150.29,155.85,7616
08-12-2002,155.59,155.59,145.72,152.25,4093
08-13-2002,150.29,150.29,148.33,150.29,1191
08-14-2002,147.41,148.72,146.69,148.72,4161
08-15-2002,149.38,150.69,149.38,149.77,1062
08-16-2002,149.71,150.69,149.38,149.38,286
08-19-2002,150.03,150.69,149.38,149.71,304
08-20-2002,148.39,150.69,148.39,150.69,118
08-21-2002,149.71,150.03,148.07,150.03,581
08-22-2002,149.71,150.69,149.38,150.69,526
08-23-2002,150.69,151.34,150.56,150.69,2754
08-26-2002,148.07,150.69,148.07,150.69,908
08-27-2002,150.03,150.03,150.03,150.03,26
08-28-2002,149.71,150.69,148.92,148.92,1874
08-29-2002,149.71,150.69,149.64,150.56,512
08-30-2002,149.71,152.33,148.13,152.33,2614
09-03-2002,150.69,150.69,148.59,150.03,2817
09-04-2002,149.38,150.69,148.72,150.69,1888
09-05-2002,150.56,156.58,150.56,156.58,1698
09-06-2002,156.85,158.61,156.58,158.09,484
09-09-2002,158.16,158.55,158.16,158.55,791
09-10-2002,158.22,158.22,157.44,157.44,3182
09-11-2002,157.89,157.89,156.26,156.52,3427
09-12-2002,155.21,157.89,152.52,156.06,3336
09-13-2002,155.40,155.40,153.44,154.62,1776
09-16-2002,154.62,156.26,150.69,156.26,1901
09-17-2002,155.93,157.17,153.44,157.17,1583
09-18-2002,156.32,158.55,153.57,158.55,1698
09-19-2002,158.09,158.09,156.52,156.52,3795
09-20-2002,155.93,155.93,155.34,155.60,2326
09-23-2002,153.31,153.31,152.65,153.31,4277
09-24-2002,152.00,152.33,146.63,150.36,2722
09-25-2002,150.69,150.69,148.72,149.77,1156
09-26-2002,148.85,151.34,147.41,150.69,7948
09-27-2002,150.69,150.69,150.69,150.69,2037
09-30-2002,149.05,149.05,144.14,145.12,7213
10-01-2002,145.05,145.05,142.56,142.76,908
10-02-2002,141.12,141.12,133.65,135.23,1988
10-03-2002,131.03,137.52,131.03,136.93,2070
10-04-2002,137.00,137.00,131.36,134.96,6449
10-07-2002,134.31,135.88,134.31,135.88,470
10-08-2002,135.95,135.95,133.85,134.24,380
10-09-2002,134.24,134.24,131.69,132.21,2037
10-10-2002,132.47,132.67,131.36,131.36,676
10-11-2002,131.88,132.02,121.21,124.48,36975
10-14-2002,123.50,124.48,123.37,123.56,2585
10-15-2002,123.63,127.43,123.50,127.43,1127
10-16-2002,127.76,127.76,127.76,127.76,13
10-17-2002,127.76,128.41,127.76,128.41,160
10-18-2002,129.39,129.39,129.00,129.00,187
10-21-2002,128.94,128.94,127.76,128.15,512
10-22-2002,127.89,127.89,127.82,127.89,79
10-23-2002,128.22,128.22,127.10,127.10,2175
10-24-2002,127.10,127.10,126.45,126.45,26
10-25-2002,126.32,126.32,123.17,126.12,1273
10-28-2002,125.46,128.15,125.46,127.10,455
10-29-2002,127.56,127.76,126.45,127.76,1668
10-30-2002,127.82,129.53,127.82,129.53,341
10-31-2002,129.07,130.77,127.30,130.77,4648
11-01-2002,130.77,131.69,130.12,130.38,2817
11-04-2002,129.79,130.71,129.79,130.71,553
11-05-2002,131.36,137.45,131.36,133.00,1045
11-06-2002,133.65,135.62,133.65,135.62,160
11-07-2002,135.62,135.62,133.33,134.31,1651
11-08-2002,134.31,134.31,132.02,132.60,497
11-11-2002,132.60,132.60,129.72,129.72,147
11-12-2002,129.13,129.13,125.33,128.41,3867
11-13-2002,128.74,128.74,127.17,127.17,105
11-14-2002,126.45,129.20,123.89,129.20,1915
11-15-2002,128.08,129.39,126.51,129.39,1472
11-18-2002,129.07,129.07,126.32,127.43,692
11-19-2002,127.43,127.50,126.97,127.10,425
11-20-2002,125.79,125.79,124.87,124.87,539
11-21-2002,125.46,125.46,124.29,124.48,1127
11-22-2002,123.83,127.56,123.50,127.56,1243
11-25-2002,127.50,128.15,126.71,127.10,1988
11-26-2002,127.56,133.98,127.56,133.98,1243
11-27-2002,133.33,138.57,131.69,138.57,5824
11-29-2002,138.90,139.22,136.60,139.22,1396
12-02-2002,138.90,138.90,133.00,137.58,27391
12-03-2002,137.58,138.50,134.96,136.27,1258
12-04-2002,136.41,137.26,136.34,136.34,5044
12-05-2002,136.86,138.44,136.80,138.24,2098
12-06-2002,137.58,139.55,135.62,138.90,2189
12-09-2002,137.58,138.76,136.21,136.21,3778
12-10-2002,136.60,140.53,136.60,138.90,2051
12-11-2002,139.55,140.07,136.01,137.91,2614
12-12-2002,137.58,138.24,134.96,137.58,3563
12-13-2002,138.24,144.92,137.52,144.14,3731
12-16-2002,143.48,143.48,141.97,142.10,935
12-17-2002,142.70,145.18,140.79,144.07,3321
12-18-2002,144.14,146.43,144.14,146.43,3213
12-19-2002,146.10,146.76,146.10,146.76,2953
12-20-2002,148.07,152.06,148.07,152.06,4950
12-23-2002,151.41,151.93,151.41,151.54,425
12-24-2002,151.60,151.60,149.05,149.25,2070
12-26-2002,149.57,150.29,149.57,150.10,1488
12-27-2002,150.69,151.67,150.69,151.47,776
12-30-2002,153.11,158.88,152.52,158.42,6415
12-31-2002,158.88,160.52,158.55,160.52,14722
01-02-2003,160.19,172.31,159.66,168.57,29296
01-03-2003,167.72,170.34,166.41,169.03,6752
01-06-2003,169.69,170.34,167.07,170.34,8877
01-07-2003,170.34,170.34,160.84,162.81,9028
01-08-2003,163.46,164.25,158.22,161.50,2754
01-09-2003,161.17,162.48,161.17,162.48,4862
01-10-2003,163.14,163.46,160.84,162.61,4675
01-13-2003,162.28,162.55,162.02,162.55,398
01-14-2003,162.09,164.25,161.76,162.22,2216
01-15-2003,161.89,164.05,160.65,163.73,5532
01-16-2003,164.71,165.49,162.81,163.07,2788
01-17-2003,163.79,163.79,162.48,163.66,3351
01-21-2003,163.79,163.79,162.94,163.01,2434
01-22-2003,163.01,163.14,163.01,163.01,2448
01-23-2003,163.46,163.46,162.74,162.87,5123
01-24-2003,162.87,162.87,159.73,160.52,3778
01-27-2003,159.14,159.14,154.95,156.58,5532
01-28-2003,156.58,159.21,156.19,158.16,2267
01-29-2003,158.16,158.16,156.58,156.91,4738
01-30-2003,156.91,156.91,156.85,156.91,3243
01-31-2003,156.85,156.85,154.36,154.55,1141
02-03-2003,154.36,156.39,154.29,156.26,4494
02-04-2003,156.26,156.26,152.65,155.27,7995
02-05-2003,155.93,157.17,155.93,155.93,1809
02-06-2003,155.99,156.26,154.49,154.55,641
02-07-2003,154.95,155.73,154.95,155.73,729
02-10-2003,156.58,156.78,155.73,156.06,1062
02-11-2003,156.06,156.06,155.54,155.54,133
02-12-2003,155.60,155.60,154.95,154.95,118
02-13-2003,154.95,154.95,147.08,150.69,6221
02-14-2003,150.03,150.56,148.85,149.11,3336
02-18-2003,148.72,149.25,147.35,149.11,2145
02-19-2003,149.64,149.64,147.08,147.35,1929
02-20-2003,147.08,147.74,144.14,144.40,7563
02-21-2003,144.33,144.79,141.65,142.17,2160
02-24-2003,142.50,142.56,140.47,140.66,398
02-25-2003,140.79,140.79,139.09,140.66,4113
02-26-2003,140.79,140.79,135.49,135.49,1929
02-27-2003,135.95,137.26,126.64,131.56,8906
02-28-2003,131.56,131.56,129.98,131.03,1443
03-03-2003,131.36,138.90,129.72,138.90,7026
03-04-2003,138.90,138.90,133.65,133.65,1396
03-05-2003,133.39,133.65,132.67,133.19,2419
03-06-2003,133.19,133.19,132.34,132.54,133
03-07-2003,130.90,133.13,130.90,133.13,2908
03-10-2003,129.39,132.93,128.74,131.82,2644
03-11-2003,130.18,130.18,129.53,129.59,187
03-12-2003,129.39,131.03,129.39,130.90,2922
03-13-2003,129.26,129.92,129.26,129.39,3809
03-14-2003,130.38,131.03,130.38,130.71,213
03-17-2003,131.23,132.34,131.23,131.43,363
03-18-2003,132.08,136.41,127.76,127.76,3883
03-19-2003,128.74,130.38,128.08,128.35,1522
03-20-2003,128.08,128.41,124.48,124.48,4161
03-21-2003,125.46,128.22,125.07,128.22,412
03-24-2003,128.87,128.87,127.76,127.76,173
03-25-2003,126.77,128.28,119.17,127.43,2922
03-26-2003,126.77,128.74,126.77,127.43,244
03-27-2003,125.79,129.39,123.50,129.39,2280
03-28-2003,129.20,131.69,129.07,131.03,470
03-31-2003,130.84,140.66,130.84,140.66,4146
04-01-2003,137.91,138.90,131.62,132.15,7259
04-02-2003,131.69,132.67,125.14,128.41,3595
04-03-2003,129.07,132.34,129.07,132.34,363
04-04-2003,133.00,135.42,133.00,134.57,4890
04-07-2003,135.29,139.55,135.29,137.58,3059
04-08-2003,138.57,138.76,137.58,137.65,1522
04-09-2003,138.04,139.16,136.93,136.93,7901
04-10-2003,136.93,139.55,136.93,137.72,8830
04-11-2003,136.93,137.13,136.93,137.13,200
04-14-2003,136.93,137.58,135.29,136.93,5057
04-15-2003,136.54,136.54,134.18,135.75,908
04-16-2003,135.82,137.58,135.62,135.75,807
04-17-2003,136.27,136.27,132.67,135.49,891
04-21-2003,135.95,136.93,133.52,133.52,10903
04-22-2003,134.51,140.21,134.51,138.17,33646
04-23-2003,138.31,138.90,136.27,138.44,9481
04-24-2003,138.11,138.11,136.93,136.93,470
04-25-2003,137.58,141.51,137.58,141.38,5123
04-28-2003,141.84,142.17,140.47,140.47,978
04-29-2003,141.51,143.48,141.06,142.17,5504
04-30-2003,138.90,141.84,138.90,141.25,7534
05-01-2003,141.32,141.32,140.53,140.53,4509
05-02-2003,139.88,143.48,139.88,143.15,2326
05-05-2003,144.14,144.40,141.32,143.15,3898
05-06-2003,143.35,143.81,139.22,143.61,4706
05-07-2003,144.79,144.79,142.76,144.14,18858
05-08-2003,144.14,144.14,134.96,137.72,37446
05-09-2003,139.22,139.22,136.93,137.45,11974
05-12-2003,137.45,137.52,135.62,135.62,3852
05-13-2003,136.27,136.60,135.29,135.55,7087
05-14-2003,136.60,139.62,136.27,137.91,6601
05-15-2003,137.91,138.57,137.91,138.57,1957
05-16-2003,137.26,142.50,129.39,142.50,9866
05-19-2003,136.93,137.45,129.39,133.98,12141
05-20-2003,133.00,133.52,131.36,133.52,2465
05-21-2003,133.13,135.88,133.13,133.65,3975
05-22-2003,133.98,138.96,131.03,131.03,2113
05-23-2003,131.69,135.95,131.69,134.64,965
05-27-2003,134.96,136.34,134.44,134.44,1759
05-28-2003,134.44,134.44,132.60,133.00,21115
05-29-2003,133.00,133.00,132.41,132.60,6737
05-30-2003,132.60,132.60,131.62,131.69,12323
06-02-2003,131.69,131.69,129.00,129.72,8493
06-03-2003,128.08,131.10,126.45,130.38,9481
06-04-2003,130.44,131.69,130.38,130.51,11579
06-05-2003,130.18,131.62,129.92,130.90,8633
06-06-2003,131.36,131.69,129.39,129.72,24245
06-09-2003,130.38,130.90,129.92,130.05,2296
06-10-2003,130.05,130.90,130.05,130.84,2051
06-11-2003,130.84,131.03,130.05,130.71,4113
06-12-2003,130.84,130.90,129.79,130.38,1915
06-13-2003,130.38,131.03,130.05,130.71,1637
06-16-2003,130.71,131.03,129.07,130.71,4435
06-17-2003,130.77,130.84,130.05,130.12,1623
06-18-2003,130.51,131.03,129.72,129.79,1759
06-19-2003,130.51,130.51,129.00,129.72,875
06-20-2003,129.07,129.33,125.14,126.12,1313
06-23-2003,127.10,128.48,124.55,125.14,9852
06-24-2003,124.48,125.79,124.48,125.27,978
06-25-2003,125.79,127.43,124.81,124.81,1188
06-26-2003,124.42,131.03,124.42,131.03,2434
06-27-2003,131.03,131.69,129.39,130.18,6585
06-30-2003,130.71,131.03,129.39,129.72,1300
07-01-2003,129.72,130.71,129.39,130.31,3441
07-02-2003,129.72,130.31,128.48,129.72,5657
07-03-2003,129.72,130.71,129.72,130.18,272
07-07-2003,129.39,129.72,128.08,128.41,3483
07-08-2003,129.07,130.25,127.76,129.59,1011
07-09-2003,129.72,130.71,129.66,130.38,2722
07-10-2003,130.38,130.38,129.33,129.92,2878
07-11-2003,129.72,130.38,129.07,129.26,729
07-14-2003,129.07,129.79,128.54,129.79,978
07-15-2003,130.38,130.38,129.07,129.07,847
07-16-2003,129.07,129.07,126.45,126.64,3837
07-17-2003,126.45,126.51,120.55,121.53,12006
07-18-2003,120.88,121.73,119.89,120.68,1988
07-21-2003,121.21,125.79,121.21,125.79,2405
07-22-2003,125.79,125.79,123.50,124.94,539
07-23-2003,124.48,125.79,123.43,124.15,244
07-24-2003,124.02,126.05,124.02,125.66,160
07-25-2003,125.01,125.79,123.17,123.17,760
07-28-2003,123.69,125.33,123.37,123.37,380
07-29-2003,122.71,122.71,119.89,120.55,4706
07-30-2003,120.62,121.86,118.58,118.91,3427
07-31-2003,120.55,120.88,118.58,118.58,2098
08-01-2003,118.58,119.24,116.03,116.03,9549
08-04-2003,115.64,115.64,108.10,111.38,35803
08-05-2003,111.64,111.64,107.38,110.72,8782
08-06-2003,110.72,112.95,110.07,112.62,5579
08-07-2003,114.00,117.27,114.00,116.95,14463
08-08-2003,115.96,121.21,115.96,121.21,25298
08-11-2003,121.21,123.83,118.98,122.71,8677
08-12-2003,123.83,125.73,123.83,125.27,5366
08-13-2003,125.27,125.66,121.34,121.60,3623
08-14-2003,122.84,122.84,120.88,122.12,1827
08-15-2003,122.12,122.45,122.12,122.12,200
08-18-2003,123.17,124.15,123.17,123.69,952
08-19-2003,124.35,124.87,123.63,124.48,1062
08-20-2003,125.46,125.79,124.48,125.33,908
08-21-2003,124.68,125.73,124.48,124.48,1809
08-22-2003,125.14,125.73,124.55,124.94,1011
08-25-2003,124.48,124.48,122.19,122.45,1077
08-26-2003,122.52,122.52,117.27,117.93,4775
08-27-2003,117.27,118.58,115.77,115.77,3581
08-28-2003,116.42,118.19,116.42,117.27,1668
08-29-2003,117.47,118.91,116.95,118.85,3292
09-02-2003,117.93,119.76,117.86,118.58,6906
09-03-2003,118.39,120.81,117.80,120.81,5285
09-04-2003,121.47,129.00,121.21,128.35,6264
09-05-2003,128.35,128.35,126.58,127.50,1045
09-08-2003,127.56,127.95,127.43,127.76,3182
09-09-2003,128.08,128.35,126.64,127.10,1845
09-10-2003,127.04,127.76,126.97,127.10,965
09-11-2003,127.10,128.28,126.45,127.63,1062
09-12-2003,126.97,126.97,124.87,124.87,611
09-15-2003,125.79,126.05,121.86,121.99,3930
09-16-2003,122.52,122.84,121.99,122.32,2908
09-17-2003,122.32,122.38,121.21,121.73,4189
09-18-2003,122.38,122.52,120.88,120.88,1970
09-19-2003,120.88,124.81,120.88,124.74,6159
09-22-2003,125.46,125.46,121.34,121.34,1472
09-23-2003,121.34,124.15,121.34,123.17,611
09-24-2003,123.17,123.17,120.55,120.94,891
09-25-2003,120.62,120.62,117.93,118.06,1970
09-26-2003,118.06,118.06,114.00,116.62,4993
09-29-2003,117.27,118.91,116.75,117.54,3227
09-30-2003,116.95,117.86,116.36,117.60,2801
10-01-2003,117.60,117.93,114.98,116.29,6292
10-02-2003,116.29,117.54,116.29,117.27,11697
10-03-2003,116.29,122.45,116.29,121.53,5425
10-06-2003,121.53,125.40,120.55,123.43,4036
10-07-2003,124.42,125.53,123.24,125.46,2676
10-08-2003,125.27,126.45,125.07,125.14,6558
10-09-2003,125.20,126.25,125.20,126.12,2203
10-10-2003,126.45,126.45,125.14,125.73,10537
10-13-2003,126.12,126.77,125.79,126.12,2614
10-14-2003,126.25,133.33,126.25,133.19,102469
10-15-2003,133.33,136.80,133.33,136.27,33099
10-16-2003,135.29,135.75,134.18,134.31,17698
10-17-2003,133.00,134.24,133.00,133.52,14493
10-20-2003,132.67,137.91,132.67,136.41,19224
10-21-2003,136.93,137.58,135.36,135.62,2953
10-22-2003,135.29,136.14,132.80,134.24,9410
10-23-2003,133.00,136.93,133.00,135.29,2706
10-24-2003,134.64,137.58,134.37,136.27,2832
10-27-2003,137.26,137.52,135.62,135.95,5657
10-28-2003,135.95,137.19,135.62,136.27,1651
10-29-2003,136.93,138.24,136.47,137.26,1988
10-30-2003,137.26,139.55,137.26,139.55,2216
10-31-2003,139.55,140.53,137.91,139.22,4050
11-03-2003,140.86,148.72,140.21,144.46,6021
11-04-2003,144.79,146.43,141.38,142.83,5925
11-05-2003,142.50,144.33,142.17,144.14,13408
11-06-2003,147.08,153.64,146.76,149.97,9376
11-07-2003,150.36,152.00,150.36,151.60,2070
11-10-2003,151.28,151.28,150.03,150.03,5956
11-11-2003,150.03,150.03,148.39,149.77,512
11-12-2003,148.07,149.90,146.43,149.90,1583
11-13-2003,149.05,149.71,147.67,148.59,1623
11-14-2003,149.71,153.96,147.41,152.00,6585
11-17-2003,152.98,152.98,150.69,151.93,1809
11-18-2003,151.93,152.85,151.47,152.85,4295
11-19-2003,152.00,152.98,151.34,152.98,4357
11-20-2003,151.67,152.65,150.69,152.65,1827
11-21-2003,152.65,154.29,152.65,153.64,1045
11-24-2003,154.29,156.13,153.96,154.95,2497
11-25-2003,155.60,157.11,155.47,156.98,2051
11-26-2003,157.17,158.16,155.99,158.16,6720
11-28-2003,157.24,158.55,156.71,158.55,553
12-01-2003,159.53,159.53,158.55,158.55,656
12-02-2003,158.29,158.29,152.06,153.64,16092
12-03-2003,153.83,153.83,151.67,151.67,2660
12-04-2003,152.65,152.65,148.26,148.98,4451
12-05-2003,149.64,152.59,148.98,151.67,9533
12-08-2003,152.00,154.95,152.00,152.92,4264
12-09-2003,152.65,152.65,152.00,152.00,2070
12-10-2003,152.00,152.06,146.56,147.48,6630
12-11-2003,144.79,147.41,143.22,145.77,93007
12-12-2003,146.10,146.69,144.14,145.05,21436
12-15-2003,145.45,145.45,142.50,142.56,25566
12-16-2003,143.15,145.32,142.50,142.56,25240
12-17-2003,142.50,143.09,142.50,142.56,26396
12-18-2003,143.48,143.48,142.50,142.50,22657
12-19-2003,142.70,145.32,142.50,144.73,13930
12-22-2003,145.12,145.25,144.14,144.14,16739
12-23-2003,143.94,144.27,143.35,143.61,33786
12-24-2003,143.81,145.12,143.15,144.66,9014
12-26-2003,145.05,145.45,144.99,145.45,6802
12-29-2003,145.25,148.72,145.12,147.35,12800
12-30-2003,147.67,150.69,147.67,150.16,7072
12-31-2003,150.56,155.60,150.56,154.42,14294
01-02-2004,154.42,160.65,154.23,157.89,12354
01-05-2004,158.88,159.14,154.95,156.52,11106
01-06-2004,156.91,160.45,156.91,159.99,7274
01-07-2004,159.66,160.12,157.24,159.21,5092
01-08-2004,158.88,163.20,158.75,163.20,4373
01-09-2004,162.81,163.59,162.55,163.14,7500
01-12-2004,163.73,167.33,163.73,167.07,8906
01-13-2004,169.03,169.56,167.53,168.64,13090
01-14-2004,168.51,171.92,168.51,170.28,13500
01-15-2004,170.34,170.74,168.51,168.97,16997
01-16-2004,168.70,169.82,168.05,168.90,16796
01-20-2004,182.00,182.00,176.37,176.76,40901
01-21-2004,176.76,179.06,176.44,178.47,46576
01-22-2004,178.47,180.10,178.21,178.99,10002
01-23-2004,179.06,182.07,178.34,180.96,12767
01-26-2004,181.94,183.71,181.81,183.45,18262
01-27-2004,183.45,185.41,182.14,183.12,20827
01-28-2004,184.10,185.08,183.90,184.23,19900
01-29-2004,184.56,184.76,180.82,183.51,8982
01-30-2004,183.84,185.08,183.31,184.10,11776
02-02-2004,184.89,186.85,184.89,185.94,10580
02-03-2004,186.39,188.03,186.39,186.72,7243
02-04-2004,187.05,187.05,182.14,183.64,11028
02-05-2004,183.97,183.97,179.06,180.17,8311
02-06-2004,180.10,182.46,180.10,182.46,6512
02-09-2004,183.45,186.39,183.45,186.39,16841
02-10-2004,184.76,185.48,183.38,183.38,7151
02-11-2004,183.45,186.00,182.46,183.25,15437
02-12-2004,184.89,185.54,175.52,178.21,20747
02-13-2004,179.51,180.50,175.26,176.70,16739
02-17-2004,176.83,177.22,174.93,174.93,24245
02-18-2004,174.99,174.99,170.87,173.49,10492
02-19-2004,173.16,173.62,172.05,173.29,5925
02-20-2004,173.49,173.62,171.78,171.85,4553
02-23-2004,172.63,172.63,168.05,168.05,11087
02-24-2004,168.25,170.34,167.98,170.02,6659
02-25-2004,170.34,173.62,169.43,172.57,10065
02-26-2004,173.49,176.90,172.05,176.17,4616
02-27-2004,176.83,176.90,174.93,176.30,10389
03-01-2004,176.90,183.45,176.83,183.25,8982
03-02-2004,181.94,183.45,180.37,180.37,8249
03-03-2004,182.00,183.77,180.50,183.64,8586
03-04-2004,184.30,184.76,182.46,182.46,21618
03-05-2004,177.55,180.17,177.55,179.51,5227
03-08-2004,180.10,185.41,179.91,183.97,8446
03-09-2004,184.10,184.10,181.74,183.45,4918
03-10-2004,182.79,184.10,181.61,181.61,2706
03-11-2004,178.86,180.04,174.60,177.35,15290
03-12-2004,177.88,180.17,177.88,179.65,2203
03-15-2004,179.65,182.27,179.65,181.02,4756
03-16-2004,180.50,185.02,180.50,183.45,19422
03-17-2004,183.51,184.10,182.86,183.12,16475
03-18-2004,184.10,184.10,182.53,183.45,9669
03-19-2004,183.77,185.41,183.45,184.43,3045
03-22-2004,183.12,184.43,181.81,183.45,2312
03-23-2004,183.12,185.74,181.68,182.86,8647
03-24-2004,182.86,182.86,176.90,177.55,10187
03-25-2004,178.21,178.40,176.83,176.96,3670
03-26-2004,178.21,182.40,178.21,181.55,10021
03-29-2004,182.86,183.45,181.42,181.42,4803
03-30-2004,182.07,182.66,181.48,182.46,6415
03-31-2004,183.31,184.49,182.20,183.05,9149
04-01-2004,183.05,183.38,181.48,183.05,38869
04-02-2004,183.45,184.10,182.66,183.05,4421
04-05-2004,183.31,183.45,182.53,182.79,11302
04-06-2004,182.66,182.86,182.00,182.66,13015
04-07-2004,182.66,182.66,181.48,182.20,7302
04-08-2004,183.12,183.31,181.81,181.87,1362
04-12-2004,182.53,182.53,180.63,181.68,7726
04-13-2004,182.33,182.40,176.90,178.40,6614
04-14-2004,178.53,178.53,176.44,176.76,3687
04-15-2004,176.90,176.90,172.11,174.01,3227
04-16-2004,173.36,174.54,171.65,171.92,11302
04-19-2004,171.65,171.65,167.98,168.38,11479
04-20-2004,169.03,169.69,161.83,162.15,17955
04-21-2004,162.15,165.10,161.96,164.77,12950
04-22-2004,163.79,168.97,163.46,167.59,4775
04-23-2004,167.07,168.70,165.04,166.08,16373
04-26-2004,167.07,167.07,165.10,166.28,4862
04-27-2004,165.43,165.76,160.52,161.17,5136
04-28-2004,161.83,161.83,154.82,159.21,8157
04-29-2004,158.88,159.07,151.34,152.98,18504
04-30-2004,153.96,155.99,152.98,154.75,12705
05-03-2004,153.64,157.17,153.64,156.19,11789
05-04-2004,155.08,158.55,154.62,158.55,6372
05-05-2004,157.89,161.50,157.89,160.58,6768
05-06-2004,161.89,164.25,159.99,162.94,33707
05-07-2004,162.48,163.27,162.48,162.48,5425
05-10-2004,158.88,158.88,153.77,154.29,14108
05-11-2004,154.42,155.60,152.78,154.42,6768
05-12-2004,153.31,154.23,151.34,152.00,7697
05-13-2004,152.65,156.91,152.65,155.67,11408
05-14-2004,156.26,161.70,156.26,160.19,7961
05-17-2004,159.53,159.53,156.26,156.45,10173
05-18-2004,155.93,158.48,155.27,157.76,5622
05-19-2004,158.88,159.73,156.45,157.57,4176
05-20-2004,156.91,159.47,156.71,159.21,10710
05-21-2004,159.21,162.02,158.35,159.21,5136
05-24-2004,159.27,162.74,159.27,161.70,18021
05-25-2004,161.70,163.73,161.17,162.61,6691
05-26-2004,162.81,164.05,162.74,163.40,16934
05-27-2004,163.66,163.66,159.86,162.48,8800
05-28-2004,162.48,163.27,161.89,163.01,9305
06-01-2004,163.14,163.14,159.93,162.35,9085
06-02-2004,161.83,161.83,158.68,160.52,4312
06-03-2004,159.53,159.99,158.29,159.01,4086
06-04-2004,159.40,160.52,159.21,160.06,2160
06-07-2004,159.86,161.04,158.42,160.12,1759
06-08-2004,160.12,162.15,159.40,161.89,8953
06-09-2004,161.76,163.99,161.76,163.79,4466
06-10-2004,163.14,163.20,159.86,162.02,4421
06-14-2004,161.37,161.37,155.60,156.91,5518
06-15-2004,157.24,158.22,155.93,157.24,1488
06-16-2004,157.89,158.81,155.60,157.24,6430
06-17-2004,157.04,157.70,155.60,155.80,2296
06-18-2004,155.80,160.71,155.80,160.45,10279
06-21-2004,161.17,161.83,160.52,161.76,8389
06-22-2004,161.83,163.79,161.83,163.46,3731
06-23-2004,163.66,164.58,163.14,164.32,7041
06-24-2004,164.77,167.59,164.77,166.48,2922
06-25-2004,167.39,169.62,166.41,167.07,3823
06-28-2004,167.39,167.72,162.09,162.42,7742
06-29-2004,162.42,167.72,162.42,166.80,5123
06-30-2004,166.80,170.08,165.30,165.56,3045
07-01-2004,165.56,170.34,165.56,168.44,6543
07-02-2004,167.79,167.85,166.48,167.13,2355
07-06-2004,167.79,167.79,166.15,166.28,1712
07-07-2004,166.28,167.33,165.43,166.22,6691
07-08-2004,165.76,166.74,161.83,161.96,3823
07-09-2004,161.76,162.48,160.84,161.04,4264
07-12-2004,162.15,162.94,159.14,160.52,4934
07-13-2004,160.19,160.52,159.47,159.47,3623
07-14-2004,159.47,160.78,158.88,159.21,2984
07-15-2004,157.89,159.34,157.89,158.55,4846
07-16-2004,158.55,158.88,157.24,157.44,1915
07-19-2004,158.22,158.55,156.85,157.57,6115
07-20-2004,157.24,157.46,155.27,155.40,8600
07-21-2004,154.62,154.95,152.06,153.18,3975
07-22-2004,152.98,153.11,150.03,151.74,13408
07-23-2004,151.74,152.13,151.34,151.60,3213
07-26-2004,151.47,151.60,149.38,150.69,15133
07-27-2004,149.71,152.00,149.71,149.71,4862
07-28-2004,149.71,150.69,149.71,150.49,1683
07-29-2004,150.69,152.00,149.71,151.93,12855
07-30-2004,151.28,151.60,150.69,150.69,6783
08-02-2004,150.69,150.69,149.71,149.90,3867
08-03-2004,149.38,151.21,149.38,150.69,6844
08-04-2004,150.36,152.00,150.36,150.88,5925
08-05-2004,151.02,151.28,150.16,150.23,4950
08-06-2004,149.71,150.82,149.71,149.71,13849
08-09-2004,149.71,150.75,149.71,150.69,1564
08-10-2004,150.69,152.65,150.62,152.39,4312
08-11-2004,152.13,152.13,149.71,150.23,10404
08-12-2004,149.38,149.71,149.05,149.64,2998
08-13-2004,150.62,150.62,149.71,149.84,4036
08-16-2004,149.71,150.29,148.72,148.72,24335
08-17-2004,149.38,149.38,148.33,148.59,10096
08-18-2004,148.59,149.38,148.33,148.79,25532
08-19-2004,149.05,153.31,149.05,152.72,3059
08-20-2004,152.98,152.98,151.54,151.67,1944
08-23-2004,151.34,151.54,150.69,151.15,3307
08-24-2004,151.67,152.52,151.54,151.54,1011
08-25-2004,151.67,157.57,151.67,157.24,5657
08-26-2004,157.24,157.24,156.58,156.78,5380
08-27-2004,156.78,156.78,155.60,156.13,3655
08-30-2004,155.60,155.60,153.11,153.24,2374
08-31-2004,153.24,153.24,151.67,152.26,4538
09-01-2004,152.00,152.13,149.31,149.90,12767
09-02-2004,150.36,150.56,149.05,150.23,75453
09-03-2004,150.23,150.62,148.53,148.98,22612
09-07-2004,148.33,149.57,148.26,149.38,4312
09-08-2004,149.51,152.92,149.51,151.34,5349
09-09-2004,152.00,152.00,148.00,149.25,14722
09-10-2004,149.25,149.25,147.54,147.54,6069
09-13-2004,147.74,148.07,147.74,147.94,3809
09-14-2004,149.05,149.25,148.33,148.33,3687
09-15-2004,148.59,148.59,145.77,145.77,5730
09-16-2004,145.64,148.00,145.64,148.00,5136
09-17-2004,147.74,148.39,146.76,148.20,1108
09-20-2004,148.72,149.38,147.61,149.05,5730
09-21-2004,148.92,150.36,148.92,150.36,3700
09-22-2004,150.36,150.56,148.72,150.56,2203
09-23-2004,150.56,150.56,149.84,149.97,2374
09-24-2004,149.97,150.16,148.92,150.03,4036
09-27-2004,150.03,150.36,147.41,147.94,5910
09-28-2004,147.94,148.39,147.41,148.39,2434
09-29-2004,148.39,152.92,148.00,152.46,24049
09-30-2004,152.46,154.10,152.00,153.37,10679
10-01-2004,154.03,157.57,153.83,156.58,24499
10-04-2004,156.58,157.17,155.34,156.52,4390
10-05-2004,156.52,158.55,156.52,158.35,18262
10-06-2004,158.16,158.16,153.64,155.60,41542
10-07-2004,155.27,155.99,154.68,155.21,21331
10-08-2004,155.93,158.75,155.93,157.57,21574
10-11-2004,158.55,159.47,157.76,157.96,9608
10-12-2004,158.94,159.79,157.24,158.22,9289
10-13-2004,158.55,158.61,156.26,156.39,6466
10-14-2004,156.19,156.45,151.67,151.67,11711
10-15-2004,151.74,156.52,151.47,154.88,14249
10-18-2004,155.27,155.27,151.67,152.65,8277
10-19-2004,152.85,153.77,147.81,148.72,7697
10-20-2004,149.71,153.96,149.51,153.96,8800
10-21-2004,153.96,153.96,152.20,152.33,5910
10-22-2004,152.72,155.27,152.72,153.18,5714
10-25-2004,153.18,154.23,152.98,152.98,6969
10-26-2004,154.29,155.93,154.16,155.93,6614
10-27-2004,156.58,159.60,154.62,159.47,5532
10-28-2004,159.01,160.32,156.26,159.47,4161
10-29-2004,160.12,161.17,159.40,160.78,53048
11-01-2004,162.48,162.48,161.30,161.89,8432
11-02-2004,161.96,162.55,160.52,160.58,9361
11-03-2004,161.43,161.43,159.01,160.38,7374
11-04-2004,156.58,156.58,146.10,152.98,61576
11-05-2004,152.59,152.59,148.72,149.51,13728
11-08-2004,150.69,152.00,150.03,152.00,22446
11-09-2004,151.87,155.34,150.69,153.70,7639
11-10-2004,152.00,156.13,152.00,155.08,7374
11-11-2004,154.10,156.19,153.70,154.95,4050
11-12-2004,155.01,156.71,154.62,155.60,7550
11-15-2004,155.60,155.93,153.64,153.90,56726
11-16-2004,153.90,154.95,152.92,154.23,27648
11-17-2004,154.29,157.30,154.29,157.30,37248
11-18-2004,157.57,158.68,152.98,155.60,316154
11-19-2004,155.67,157.37,155.60,156.26,36226
11-22-2004,156.39,158.81,156.39,157.44,18858
11-23-2004,157.24,157.76,155.86,156.26,23771
11-24-2004,155.60,158.88,155.27,157.96,24306
11-26-2004,159.07,159.93,158.48,159.86,3655
11-29-2004,160.52,161.43,158.88,158.88,21803
11-30-2004,158.55,160.97,158.09,158.09,17239
12-01-2004,158.09,161.43,158.09,160.97,33570
12-02-2004,160.84,162.15,160.52,161.50,17361
12-03-2004,161.83,162.74,160.97,162.28,8249
12-06-2004,163.27,163.27,160.58,161.17,21895
12-07-2004,160.52,160.71,158.81,159.53,17335
12-08-2004,159.27,161.10,159.27,159.93,12937
12-09-2004,160.84,163.79,160.71,163.27,19311
12-10-2004,163.27,166.35,163.14,165.17,10506
12-13-2004,165.76,165.76,161.76,162.02,12722
12-14-2004,162.81,163.92,162.42,162.87,5441
12-15-2004,163.53,163.59,161.89,162.55,12826
12-16-2004,162.42,162.74,159.99,160.32,32802
12-17-2004,161.76,165.10,161.56,164.45,10339
12-20-2004,165.43,165.89,162.87,163.07,7901
12-21-2004,161.17,162.09,160.52,161.17,14477
12-22-2004,161.96,164.90,161.50,164.12,14628
12-23-2004,165.10,165.10,161.83,163.73,13835
12-27-2004,163.14,163.14,160.91,161.56,6939
12-28-2004,161.17,164.71,161.17,164.12,4373
12-29-2004,164.77,165.36,164.45,165.10,10389
12-30-2004,164.45,164.64,163.79,164.18,3595
12-31-2004,164.12,165.36,163.07,165.17,5028
01-03-2005,165.17,165.43,163.46,163.53,11378
01-04-2005,163.14,163.59,161.17,161.30,11640
01-05-2005,161.96,165.49,161.30,165.43,19466
01-06-2005,165.76,170.54,165.76,170.28,42223
01-07-2005,170.28,170.67,169.29,169.62,18460
01-10-2005,169.36,169.49,166.48,168.97,20554
01-11-2005,169.03,169.03,167.79,168.38,21530
01-12-2005,169.36,169.36,167.98,168.12,15898
01-13-2005,168.18,168.57,166.35,167.79,21605
01-14-2005,167.98,170.15,167.79,169.69,16156
01-18-2005,169.69,171.84,169.43,171.13,12064
01-19-2005,171.98,172.31,170.02,170.67,13788
01-20-2005,170.67,170.67,167.07,167.07,9181
01-21-2005,167.07,167.92,165.10,165.43,7183
01-24-2005,165.43,168.44,165.04,167.07,8065
01-25-2005,167.13,167.85,166.74,167.20,2894
01-26-2005,168.05,168.51,167.00,167.26,18460
01-27-2005,166.74,168.38,166.74,167.07,5316
01-28-2005,167.07,168.57,166.74,166.74,3930
01-31-2005,167.07,170.34,166.87,170.02,7229
02-01-2005,170.34,172.63,170.02,172.31,15163
02-02-2005,172.96,172.96,171.33,171.33,5884
02-03-2005,171.39,171.65,165.76,165.76,23484
02-04-2005,173.29,176.17,171.00,173.95,41340
02-07-2005,173.95,174.47,173.49,173.62,15834
02-08-2005,173.62,173.62,172.63,173.49,8953
02-09-2005,173.16,176.17,172.96,173.03,7626
02-10-2005,172.96,174.08,172.90,173.49,15976
02-11-2005,173.62,173.62,171.59,172.90,6069
02-14-2005,174.27,176.90,174.27,176.90,14613
02-15-2005,177.55,178.53,176.17,177.03,9242
02-16-2005,177.09,178.21,176.57,177.62,9085
02-17-2005,177.88,178.27,175.26,175.26,6007
02-18-2005,174.60,174.60,172.96,173.29,7500
02-22-2005,172.96,173.29,169.82,170.34,4846
02-23-2005,170.34,170.34,168.70,168.70,2984
02-24-2005,168.05,168.12,165.17,167.00,14309
02-25-2005,167.07,169.29,165.23,168.70,15637
02-28-2005,168.77,170.34,166.74,170.34,4738
03-01-2005,170.34,173.23,168.05,172.50,12174
03-02-2005,173.42,173.42,169.95,171.26,6086
03-03-2005,171.00,172.96,168.90,172.83,5925
03-04-2005,172.96,172.96,170.67,171.98,7106
03-07-2005,171.65,174.60,171.33,174.21,5153
03-08-2005,174.60,174.60,172.63,173.29,13913
03-09-2005,172.63,172.63,168.25,169.16,8376
03-10-2005,169.03,170.93,168.70,170.67,7656
03-11-2005,170.02,170.02,168.18,168.44,7697
03-14-2005,168.44,169.56,168.44,168.90,6069
03-15-2005,168.70,171.39,168.70,169.03,5270
03-16-2005,168.84,170.02,168.84,169.75,7274
03-17-2005,169.75,170.67,168.77,170.28,5301
03-18-2005,169.69,170.08,168.70,168.70,3321
03-21-2005,169.03,170.54,168.64,169.36,3717
03-22-2005,170.34,173.42,168.38,168.70,10371
03-23-2005,169.36,170.34,165.43,167.13,9852
03-24-2005,168.44,170.67,168.44,170.47,6323
03-28-2005,170.80,170.93,167.59,168.05,9410
03-29-2005,168.05,168.70,166.35,166.48,11119
03-30-2005,166.28,168.05,166.28,167.07,4234
03-31-2005,167.72,168.05,164.77,168.05,13209
04-01-2005,168.05,168.05,163.40,164.45,19119
04-04-2005,165.43,165.43,163.79,164.25,10324
04-05-2005,164.25,164.71,163.01,163.73,10110
04-06-2005,164.45,164.45,162.87,163.59,11259
04-07-2005,163.73,163.79,161.96,162.15,19193
04-08-2005,163.14,163.14,162.02,162.02,2908
04-11-2005,162.68,162.68,160.19,161.10,8065
04-12-2005,161.43,161.76,160.65,160.97,14004
04-13-2005,160.52,161.70,159.53,159.86,6922
04-14-2005,159.86,160.19,158.88,159.40,4357
04-15-2005,158.88,159.47,157.24,158.29,20888
04-18-2005,157.57,157.89,156.65,157.11,17498
04-19-2005,157.24,157.57,155.27,155.60,36608
04-20-2005,155.27,155.80,154.62,155.27,11760
04-21-2005,155.47,155.47,149.71,150.62,53307
04-22-2005,149.71,157.50,149.71,157.44,26521
04-25-2005,155.80,157.44,155.54,155.99,7229
04-26-2005,156.26,156.78,154.29,154.29,6221
04-27-2005,153.96,154.29,152.00,152.59,8218
04-28-2005,152.33,153.64,146.43,152.00,8187
04-29-2005,152.33,154.82,152.33,154.55,15724
05-02-2005,154.75,158.16,154.75,157.11,21239
05-03-2005,157.11,157.24,156.39,157.24,10419
05-04-2005,157.50,158.16,155.67,155.93,16549
05-05-2005,155.40,155.73,152.77,154.61,10715
05-06-2005,155.07,155.53,153.89,154.41,5218
05-09-2005,154.02,154.15,152.37,153.69,6115
05-10-2005,153.23,154.15,152.90,153.82,4349
05-11-2005,153.56,153.56,152.44,153.16,3074
05-12-2005,153.43,155.14,152.90,152.90,2740
05-13-2005,153.16,153.36,151.25,152.31,5794
05-16-2005,152.90,155.40,152.90,155.07,8190
05-17-2005,155.40,155.40,153.10,155.40,4259
05-18-2005,155.07,156.06,154.48,155.27,10150
05-19-2005,155.40,155.73,154.55,154.61,3593
05-20-2005,154.15,156.39,153.95,154.48,2544
05-23-2005,153.43,155.67,153.43,154.74,8266
05-24-2005,154.88,154.88,152.18,152.77,8098
05-25-2005,152.44,152.77,151.45,151.78,13507
05-26-2005,151.78,153.36,151.78,152.83,5838
05-27-2005,153.10,154.41,152.18,153.43,10240
05-31-2005,153.43,157.64,153.30,157.58,6658
06-01-2005,157.05,162.05,157.05,159.49,8678
06-02-2005,159.35,160.08,158.96,158.96,4444
06-03-2005,159.09,159.22,156.72,156.72,6812
06-06-2005,156.39,157.84,156.13,157.84,2692
06-07-2005,158.04,158.69,156.06,156.06,3351
06-08-2005,155.73,155.73,151.12,152.11,18021
06-09-2005,152.11,154.41,152.11,152.50,17942
06-10-2005,152.44,152.90,151.98,152.90,20841
06-13-2005,152.77,154.74,152.64,154.74,6916
06-14-2005,154.74,158.76,154.61,158.69,14402
06-15-2005,158.63,158.69,155.67,156.06,10985
06-16-2005,156.39,158.56,155.40,155.60,4971
06-17-2005,155.67,160.01,155.40,160.01,11896
06-20-2005,159.22,159.22,157.58,158.63,25218
06-21-2005,158.69,160.27,158.56,159.88,5321
06-22-2005,159.88,164.62,159.68,164.62,13230
06-23-2005,164.62,164.62,162.97,163.96,18277
06-24-2005,163.83,164.56,163.24,163.57,12383
06-27-2005,163.30,164.69,162.86,163.50,28600
06-28-2005,163.70,164.56,163.30,163.96,18912
06-29-2005,162.97,164.29,162.97,164.29,14813
06-30-2005,164.49,166.07,163.96,166.07,16529
07-01-2005,165.41,166.07,163.83,164.23,10778
07-05-2005,164.29,164.95,163.77,164.95,9605
07-06-2005,164.75,166.47,164.75,165.74,6007
07-07-2005,163.96,163.96,162.51,163.83,3621
07-08-2005,165.28,165.94,164.62,164.62,6701
07-11-2005,164.95,165.94,163.96,164.23,12883
07-12-2005,162.91,166.27,162.58,166.27,7236
07-13-2005,166.27,168.90,165.48,168.51,18810
07-14-2005,168.51,168.51,165.28,165.41,3304
07-15-2005,165.28,165.81,163.50,165.61,3166
07-18-2005,165.08,165.08,163.57,164.23,4909
07-19-2005,164.49,166.47,164.36,166.33,21279
07-20-2005,166.20,167.25,165.94,167.25,15948
07-21-2005,166.60,166.99,164.49,165.08,5430
07-22-2005,165.81,166.20,165.02,166.07,15116
07-25-2005,166.40,166.60,164.75,165.54,10398
07-26-2005,165.54,165.61,164.29,165.28,11992
07-27-2005,165.28,165.28,163.77,163.77,15622
07-28-2005,164.42,166.20,164.42,164.62,10227
07-29-2005,166.93,169.23,166.73,167.91,52066
08-01-2005,167.58,168.57,167.52,167.91,31775
08-02-2005,167.98,167.98,165.21,165.87,16392
08-03-2005,166.27,166.86,162.97,163.17,19994
08-04-2005,163.83,164.23,163.77,163.83,19786
08-05-2005,163.83,164.76,163.77,164.76,13320
08-08-2005,165.36,165.42,163.83,164.43,3997
08-09-2005,163.97,164.96,163.83,163.90,1596
08-10-2005,163.90,165.16,162.78,163.11,18625
08-11-2005,162.78,163.97,162.78,163.77,2426
08-12-2005,163.64,163.64,161.45,161.72,3468
08-15-2005,161.25,165.29,161.25,163.77,9167
08-16-2005,164.10,164.43,163.77,164.36,3242
08-17-2005,163.90,164.16,163.11,164.03,4720
08-18-2005,163.77,163.83,161.12,161.12,2412
08-19-2005,160.79,162.31,160.79,161.45,2272
08-22-2005,161.12,162.38,160.79,162.11,8708
08-23-2005,162.78,162.78,161.65,161.92,7443
08-24-2005,161.45,163.11,161.45,162.25,5086
08-25-2005,161.98,166.22,161.98,166.02,22797
08-26-2005,165.75,166.28,164.76,165.89,8046
08-29-2005,164.76,165.03,163.77,163.83,18749
08-30-2005,162.91,162.97,158.87,159.67,38740
08-31-2005,158.81,158.81,150.60,154.11,94962
09-01-2005,154.17,154.17,150.53,152.06,26331
09-02-2005,152.19,152.19,135.65,142.20,97486
09-06-2005,142.33,143.52,135.65,135.78,56395
09-07-2005,135.84,135.84,120.56,124.36,538717
09-08-2005,125.72,125.85,117.78,121.02,178854
09-09-2005,121.09,125.92,120.43,124.86,108036
09-12-2005,125.72,127.71,124.86,126.45,190911
09-13-2005,126.45,128.70,123.80,128.04,109572
09-14-2005,127.77,127.77,124.40,124.73,64646
09-15-2005,125.39,126.12,123.74,125.52,58854
09-16-2005,125.19,131.41,124.73,131.21,78017
09-19-2005,131.21,131.21,117.45,117.78,190684
09-20-2005,117.78,118.11,110.50,114.14,174983
09-21-2005,113.02,113.08,97.60,102.89,333004
09-22-2005,102.96,102.96,82.51,96.81,670595
09-23-2005,98.13,106.60,93.10,105.54,450339
09-26-2005,106.20,114.14,105.87,108.32,225629
09-27-2005,108.32,109.18,101.57,102.56,109319
09-28-2005,102.56,102.63,96.28,98.00,105190
09-29-2005,98.00,100.51,96.74,97.93,98783
09-30-2005,97.93,97.93,88.93,89.06,390540
10-03-2005,88.40,90.85,87.34,88.20,342947
10-04-2005,88.20,89.26,87.67,87.67,128710
10-05-2005,88.53,88.60,87.28,87.67,79784
10-06-2005,88.53,89.00,85.09,86.02,74000
10-07-2005,85.69,86.88,83.37,85.09,67178
10-10-2005,91.38,91.38,84.43,86.35,82782
10-11-2005,87.14,87.61,84.70,84.70,76204
10-12-2005,84.76,84.83,82.84,83.24,30914
10-13-2005,83.24,83.70,82.91,83.04,32285
10-14-2005,83.04,84.30,82.91,83.44,53503
10-17-2005,83.77,84.10,82.51,83.31,66292
10-18-2005,83.90,84.76,81.06,81.12,66735
10-19-2005,80.73,82.12,77.75,81.06,122012
10-20-2005,80.73,81.06,78.74,79.80,23175
10-21-2005,80.06,80.66,79.40,80.13,65386
10-24-2005,80.79,81.32,79.14,79.53,58207
10-25-2005,79.67,79.67,76.05,76.09,95020
10-26-2005,76.03,76.76,72.26,72.92,96004
10-27-2005,72.79,72.79,69.61,70.54,77941
10-28-2005,70.14,70.73,65.97,67.62,220562
10-31-2005,67.62,73.32,67.16,71.46,162936
11-01-2005,71.46,73.12,71.20,72.65,144910
11-02-2005,72.79,77.42,72.72,75.43,225341
11-03-2005,75.50,77.29,74.39,76.23,104362
11-04-2005,79.73,80.13,77.55,78.87,237476
11-07-2005,72.79,79.67,72.79,79.67,224024
11-08-2005,79.80,79.80,76.56,77.68,166689
11-09-2005,77.55,79.40,76.09,79.14,111071
11-10-2005,79.14,81.65,77.09,81.12,117256
11-11-2005,82.71,83.97,80.40,83.04,108473
11-14-2005,86.68,86.68,84.43,85.82,177216
11-15-2005,86.35,86.61,84.76,85.23,129692
11-16-2005,85.09,86.42,84.70,86.35,113388
11-17-2005,86.55,92.77,86.48,90.72,237322
11-18-2005,90.72,90.78,86.81,88.27,213414
11-21-2005,89.20,89.33,87.01,88.47,185047
11-22-2005,88.80,89.47,84.86,85.46,152805
11-23-2005,84.19,86.53,83.79,85.73,115677
11-25-2005,86.13,86.53,85.46,86.53,38887
11-28-2005,87.20,87.47,83.53,83.59,48336
11-29-2005,83.53,85.13,82.46,84.19,90918
11-30-2005,84.46,85.20,83.93,85.00,78290
12-01-2005,85.13,87.73,84.93,85.53,120167
12-02-2005,85.60,86.13,85.06,85.86,117238
12-05-2005,85.46,85.46,83.46,84.53,106284
12-06-2005,85.20,85.40,83.73,83.79,54107
12-07-2005,83.79,83.99,80.92,81.52,70053
12-08-2005,81.92,81.92,80.86,81.92,41210
12-09-2005,83.46,85.40,83.46,83.93,67702
12-12-2005,85.13,85.40,84.66,85.13,29050
12-13-2005,85.40,87.13,84.46,87.13,68842
12-14-2005,88.27,88.27,86.53,87.27,64229
12-15-2005,89.14,89.25,87.53,87.87,86874
12-16-2005,88.53,88.80,87.20,87.33,61592
12-19-2005,88.47,88.47,85.86,86.13,123208
12-20-2005,85.86,86.80,83.79,85.53,70925
12-21-2005,85.53,86.33,84.46,85.66,76856
12-22-2005,85.73,86.46,84.86,86.13,87218
12-23-2005,86.80,87.60,86.13,86.73,32911
12-27-2005,87.40,88.47,87.40,87.60,46662
12-28-2005,88.33,88.60,86.87,87.13,65024
12-29-2005,87.80,88.40,85.66,86.06,64754
12-30-2005,86.00,87.07,84.46,86.53,154001
01-03-2006,88.13,88.87,86.80,88.53,84147
01-04-2006,88.80,89.54,87.13,87.93,83998
01-05-2006,87.93,88.13,87.07,87.73,37252
01-06-2006,89.00,89.14,84.73,86.00,67812
01-09-2006,86.40,87.87,85.26,85.33,64784
01-10-2006,86.00,86.60,84.66,85.26,53489
01-11-2006,85.60,86.33,84.46,85.40,27743
01-12-2006,84.86,85.33,84.19,84.60,39938
01-13-2006,84.19,84.26,81.26,83.19,132585
01-17-2006,83.19,83.46,82.33,82.99,32282
01-18-2006,81.46,83.66,81.46,83.06,100201
01-19-2006,83.06,84.26,82.46,82.46,34260
01-20-2006,82.79,82.79,80.99,80.99,33512
01-23-2006,81.39,81.79,80.79,81.72,23329
01-24-2006,82.12,83.79,80.99,81.26,55707
01-25-2006,81.59,82.53,79.79,80.19,46824
01-26-2006,80.39,83.33,80.39,82.79,113130
01-27-2006,82.73,83.59,82.33,83.13,77932
01-30-2006,83.13,83.79,83.13,83.46,87521
01-31-2006,83.33,84.19,81.66,83.73,176586
02-01-2006,84.60,86.13,83.06,83.53,179346
02-02-2006,83.53,83.53,81.99,82.46,27711
02-03-2006,83.13,83.13,80.12,80.86,80898
02-06-2006,81.52,81.66,80.19,80.19,28765
02-07-2006,80.12,80.79,80.12,80.66,64018
02-08-2006,81.12,81.66,80.46,80.79,79035
02-09-2006,80.92,80.92,80.12,80.19,111331
02-10-2006,80.12,80.19,79.05,79.72,43800
02-13-2006,79.79,80.12,77.45,78.25,27927
02-14-2006,78.25,79.32,78.05,78.45,35280
02-15-2006,78.52,79.92,78.52,79.45,56126
02-16-2006,79.79,80.06,78.92,79.39,165999
02-17-2006,28.18,31.25,25.51,27.04,5391257
02-21-2006,26.71,28.84,24.04,27.71,1542185
02-22-2006,28.04,30.31,27.37,28.38,741737
02-23-2006,28.04,28.04,25.37,26.64,1065950
02-24-2006,26.04,26.91,25.04,25.44,525882
02-27-2006,25.37,25.84,24.17,24.70,309676
02-28-2006,24.57,24.70,22.17,22.70,379003
03-01-2006,22.17,24.17,22.10,23.10,226091
03-02-2006,23.17,23.77,21.70,22.03,472628
03-03-2006,21.90,21.97,20.83,21.17,599378
03-06-2006,20.83,22.43,20.83,21.10,165036
03-07-2006,21.03,21.10,19.36,20.10,350427
03-08-2006,20.03,22.30,19.56,21.70,686472
03-09-2006,22.03,22.30,21.30,21.43,164188
03-10-2006,21.23,21.70,20.77,21.43,209836
03-13-2006,21.03,22.03,21.03,21.63,104308
03-14-2006,21.10,21.37,21.03,21.23,99399
03-15-2006,20.97,22.57,20.97,22.03,276220
03-16-2006,22.10,22.57,21.90,22.17,94718
03-17-2006,21.83,22.23,21.70,21.83,236782
03-20-2006,21.43,21.83,21.10,21.37,238997
03-21-2006,21.37,21.77,21.03,21.30,172992
03-22-2006,21.37,21.70,21.37,21.43,108516
03-23-2006,21.50,21.63,21.03,21.30,100818
03-24-2006,21.17,21.43,21.03,21.37,124036
03-27-2006,21.50,21.70,21.17,21.70,47755
03-28-2006,21.43,21.83,21.43,21.63,74519
03-29-2006,21.70,22.30,21.30,21.37,102138
03-30-2006,21.37,21.70,21.23,21.37,71460
03-31-2006,21.43,21.83,21.23,21.83,39256
04-03-2006,21.77,21.90,21.30,21.57,80884
04-04-2006,21.50,21.57,21.10,21.37,66460
04-05-2006,21.17,21.90,21.17,21.83,43965
04-06-2006,21.90,22.37,21.63,22.23,353348
04-07-2006,22.17,22.50,21.83,22.03,256297
04-10-2006,22.03,22.50,21.77,21.77,93302
04-11-2006,22.03,23.04,22.03,22.43,72785
04-12-2006,22.43,22.57,21.57,21.70,89809
04-13-2006,21.50,21.90,21.37,21.50,72899
04-17-2006,21.50,21.83,21.23,21.70,65432
04-18-2006,21.70,21.97,21.37,21.43,57997
04-19-2006,21.30,21.90,21.10,21.83,50944
04-20-2006,21.57,21.57,21.17,21.30,66355
04-21-2006,21.17,21.63,20.70,21.17,294982
04-24-2006,21.03,21.83,20.90,21.70,127675
04-25-2006,21.23,22.70,21.23,22.57,66252
04-26-2006,22.37,24.50,22.37,23.37,166147
04-27-2006,23.37,23.77,22.70,23.24,73652
04-28-2006,22.90,24.04,22.90,23.84,151127
05-01-2006,24.10,24.20,23.37,23.50,64407
05-02-2006,23.30,24.10,23.04,24.10,62706
05-03-2006,24.10,24.37,23.97,24.17,59871
05-04-2006,24.30,24.37,23.04,23.70,70775
05-05-2006,23.57,24.27,22.97,24.10,176556
05-08-2006,24.04,25.64,24.04,25.10,164951
05-09-2006,25.10,25.51,24.90,24.90,95653
05-10-2006,27.64,29.51,26.37,26.77,445006
05-11-2006,27.04,28.04,26.11,26.64,130148
05-12-2006,26.17,27.51,26.17,27.17,156523
05-15-2006,27.04,27.71,26.57,26.64,53176
05-16-2006,26.97,26.97,26.11,26.84,53189
05-17-2006,26.44,26.91,26.44,26.64,74053
05-18-2006,26.71,26.91,26.44,26.57,75885
05-19-2006,26.37,26.80,26.11,26.44,49867
05-22-2006,26.64,26.71,24.24,25.04,82862
05-23-2006,25.17,25.71,23.70,24.84,65128
05-24-2006,24.84,25.91,23.77,25.71,49867
05-25-2006,26.04,26.51,25.17,26.24,52159
05-26-2006,26.44,26.64,25.71,26.17,44967
05-30-2006,26.11,26.51,26.04,26.31,25468
05-31-2006,26.24,26.71,26.04,26.64,79685
06-01-2006,26.44,27.11,25.77,26.64,66131
06-02-2006,26.71,26.71,26.11,26.57,26576
06-05-2006,26.24,26.71,25.91,25.97,35413
06-06-2006,26.37,26.37,25.10,25.77,131192
06-07-2006,25.57,26.17,25.44,25.44,19873
06-08-2006,25.17,25.71,25.04,25.44,50794
06-09-2006,25.57,25.77,25.24,25.30,52067
06-12-2006,25.30,25.30,24.37,24.90,48519
06-13-2006,24.64,24.64,23.37,24.30,101462
06-14-2006,24.04,24.77,23.44,24.10,101145
06-15-2006,24.24,24.70,24.17,24.57,29618
06-16-2006,24.57,24.77,24.44,24.44,16870
06-19-2006,24.57,24.77,24.17,24.37,34499
06-20-2006,24.37,24.57,23.77,24.24,35712
06-21-2006,24.24,24.84,24.24,24.70,40206
06-22-2006,24.70,24.90,24.64,24.90,18819
06-23-2006,24.70,24.90,24.70,24.77,9697
06-26-2006,24.57,25.04,24.57,24.97,12662
06-27-2006,24.64,24.97,24.44,24.57,49416
06-28-2006,24.50,24.90,24.37,24.70,87010
06-29-2006,24.64,25.04,24.44,24.90,41164
06-30-2006,24.84,24.97,24.30,24.84,28538
07-03-2006,24.70,24.90,24.44,24.84,11059
07-05-2006,24.57,24.77,24.24,24.57,15256
07-06-2006,24.64,24.64,23.24,23.30,76687
07-07-2006,23.70,24.70,23.70,24.70,85540
07-10-2006,24.50,24.57,24.04,24.37,21906
07-11-2006,24.17,24.37,24.04,24.30,13305
07-12-2006,24.10,25.37,24.10,25.37,23119
07-13-2006,25.04,25.10,24.10,24.44,249224
07-14-2006,24.30,24.57,24.10,24.37,8468
07-17-2006,24.04,24.37,23.10,24.04,305196
07-18-2006,23.90,24.17,23.37,23.90,18339
07-19-2006,23.97,24.90,23.84,24.90,243129
07-20-2006,25.10,25.84,25.04,25.37,54658
07-21-2006,25.37,25.37,24.97,25.30,6912
07-24-2006,25.04,25.64,25.04,25.57,8351
07-25-2006,25.37,26.71,25.30,26.37,78320
07-26-2006,26.24,26.71,25.77,26.17,16181
07-27-2006,26.04,26.37,25.51,26.04,37048
07-28-2006,25.97,26.37,25.71,26.37,21891
07-31-2006,26.37,26.37,25.44,25.84,22357
08-01-2006,25.71,26.31,25.04,26.11,48714
08-02-2006,26.04,26.37,25.91,26.17,53732
08-03-2006,26.11,26.24,25.97,26.04,12348
08-04-2006,26.04,26.44,26.04,26.17,13908
08-07-2006,26.37,27.04,26.24,26.91,29315
08-08-2006,26.51,26.71,25.44,26.37,29269
08-09-2006,26.37,26.44,25.44,25.77,49881
08-10-2006,25.71,26.71,25.44,26.31,48864
08-11-2006,26.24,26.44,25.97,26.44,28257
08-14-2006,26.31,26.71,26.04,26.31,46497
08-15-2006,26.31,26.44,25.71,26.17,468311
08-16-2006,25.97,26.64,25.71,25.77,15749
08-17-2006,25.57,26.31,25.44,25.84,12990
08-18-2006,25.71,26.11,25.51,25.71,8304
08-21-2006,25.84,25.97,25.04,25.91,14397
08-22-2006,25.91,25.91,25.30,25.51,179599
08-23-2006,25.77,25.91,25.37,25.91,10058
08-24-2006,25.64,25.91,25.57,25.77,14328
08-25-2006,25.71,26.17,25.51,26.17,194982
08-28-2006,25.97,27.04,25.97,26.44,87822
08-29-2006,26.71,26.84,26.51,26.64,30691
08-30-2006,26.71,26.77,26.31,26.77,12990
08-31-2006,26.77,26.84,26.57,26.77,86532
09-01-2006,26.71,26.91,25.71,26.17,16615
09-05-2006,25.97,26.37,25.57,26.37,12048
09-06-2006,26.04,26.24,25.57,26.24,45296
09-07-2006,26.24,26.51,26.04,26.31,12063
09-08-2006,26.31,26.31,25.64,25.91,14698
09-11-2006,25.97,26.64,25.97,26.64,52441
09-12-2006,26.71,27.30,26.51,26.64,169771
09-13-2006,26.64,27.04,26.57,26.97,47590
09-14-2006,26.71,27.71,26.64,27.51,105091
09-15-2006,27.51,27.71,27.37,27.64,46604
09-18-2006,27.24,27.84,27.04,27.64,32687
09-19-2006,27.71,27.98,27.37,27.37,21696
09-20-2006,27.31,27.78,26.71,27.71,14554
09-21-2006,27.64,27.71,27.51,27.71,6495
09-22-2006,27.51,27.78,27.51,27.78,6000
09-25-2006,27.78,27.78,27.60,27.71,233426
09-26-2006,27.71,27.98,27.71,27.91,93717
09-27-2006,27.91,28.38,27.84,28.04,31238
09-28-2006,27.98,28.04,27.51,27.71,60651
09-29-2006,27.64,28.04,27.17,27.51,19165
10-02-2006,27.31,27.91,27.24,27.71,37585
10-03-2006,27.51,27.84,27.44,27.78,14097
10-04-2006,27.57,28.38,27.51,28.18,39385
10-05-2006,28.18,28.24,27.78,28.04,21682
10-06-2006,28.04,28.18,28.04,28.18,6044
10-09-2006,27.91,28.31,27.91,28.18,23027
10-10-2006,28.18,28.24,28.04,28.11,8589
10-11-2006,28.11,28.31,28.04,28.24,24088
10-12-2006,28.31,28.64,28.18,28.64,110195
10-13-2006,28.64,28.64,28.51,28.64,8037
10-16-2006,28.51,29.31,28.51,28.71,50989
10-17-2006,28.78,28.78,28.31,28.51,13114
10-18-2006,28.38,28.91,28.31,28.84,9039
10-19-2006,28.71,28.91,28.58,28.91,6761
10-20-2006,28.64,28.91,28.38,28.64,5878
10-23-2006,28.64,28.84,28.51,28.84,11810
10-24-2006,28.71,28.84,28.64,28.78,6791
10-25-2006,28.91,28.91,28.38,28.78,26365
10-26-2006,28.78,29.18,28.71,28.71,62941
10-27-2006,28.91,30.71,28.91,29.44,51080
10-30-2006,29.44,30.45,29.44,30.38,32086
10-31-2006,30.18,31.05,30.18,30.45,26157
11-01-2006,30.58,31.05,30.18,30.58,46167
11-02-2006,30.38,30.91,30.31,30.38,18417
11-03-2006,30.38,30.78,30.25,30.58,20134
11-06-2006,30.25,30.58,30.18,30.51,8197
11-07-2006,30.58,30.78,30.51,30.78,9744
11-08-2006,30.71,30.78,29.78,30.11,34201
11-09-2006,30.11,32.25,30.11,31.72,125431
11-10-2006,32.18,32.38,30.65,32.12,114377
11-13-2006,32.05,32.05,31.38,32.05,50539
11-14-2006,31.78,32.05,31.72,32.05,13984
11-15-2006,31.85,32.32,31.85,32.32,25691
11-16-2006,31.92,32.58,31.92,32.58,20949
11-17-2006,32.38,32.65,30.98,32.45,26141
11-20-2006,32.25,32.45,31.65,32.38,21769
11-21-2006,32.38,32.65,31.38,32.65,18713
11-22-2006,32.38,32.98,31.45,32.52,32360
11-24-2006,32.52,32.98,32.32,32.98,6824
11-27-2006,32.32,32.98,31.72,32.05,30993
11-28-2006,31.38,32.05,31.11,31.65,14410
11-29-2006,31.31,31.78,30.91,31.78,35668
11-30-2006,31.51,31.85,31.38,31.85,40008
12-01-2006,31.92,32.18,31.58,32.05,94333
12-04-2006,31.92,33.05,31.92,32.98,58587
12-05-2006,32.58,33.05,32.52,32.98,37895
12-06-2006,32.38,32.85,31.72,31.85,49853
12-07-2006,31.65,32.58,30.98,32.05,164277
12-08-2006,31.92,32.18,31.51,31.78,175752
12-11-2006,31.58,31.98,29.98,30.78,105762
12-12-2006,30.45,30.98,29.71,30.91,124617
12-13-2006,30.71,31.18,30.18,31.05,258645
12-14-2006,30.91,31.38,30.91,31.25,32491
12-15-2006,31.11,31.38,31.11,31.25,29269
12-18-2006,30.85,31.38,30.31,30.98,168023
12-19-2006,30.85,31.38,30.78,31.38,23417
12-20-2006,31.65,32.58,31.18,32.58,59107
12-21-2006,32.58,32.98,32.45,32.65,32989
12-22-2006,32.52,32.98,32.45,32.65,25534
12-26-2006,32.52,32.72,32.45,32.58,14833
12-27-2006,32.45,32.92,32.25,32.32,13114
12-28-2006,32.25,32.52,31.65,31.72,18474
12-29-2006,31.65,31.72,30.65,30.78,40761
01-03-2007,31.45,31.92,31.45,31.78,79510
01-04-2007,31.65,32.18,31.45,31.72,75999
01-05-2007,31.72,31.72,30.71,31.11,99485
01-08-2007,31.05,31.05,29.04,30.71,75613
01-09-2007,30.45,31.58,30.45,31.18,26877
01-10-2007,31.11,31.72,30.78,30.85,12813
01-11-2007,30.78,31.58,30.78,31.51,13053
01-12-2007,31.45,31.65,31.11,31.58,12124
01-16-2007,31.38,31.51,31.05,31.51,32925
01-17-2007,31.18,31.45,31.18,31.38,13171
01-18-2007,31.45,31.51,31.18,31.31,19542
01-19-2007,31.18,31.85,31.11,31.65,48246
01-22-2007,31.72,31.92,31.45,31.78,26862
01-23-2007,31.98,31.98,31.58,31.92,18248
01-24-2007,31.72,32.05,31.72,31.98,6612
01-25-2007,31.92,31.98,31.58,31.92,11571
01-26-2007,32.05,32.05,31.72,32.05,6296
01-29-2007,32.05,32.18,31.72,31.78,8964
01-30-2007,32.05,32.05,31.45,31.65,24661
01-31-2007,31.72,31.92,30.85,31.05,28837
02-01-2007,31.18,31.51,31.11,31.51,15478
02-02-2007,31.38,31.45,31.11,31.25,6091
02-05-2007,31.51,31.51,30.78,31.05,6208
02-06-2007,31.31,31.31,30.78,30.78,6555
02-07-2007,30.78,31.18,30.71,30.98,8092
02-08-2007,30.98,31.18,30.65,30.78,93792
02-09-2007,30.71,30.78,28.98,30.71,34950
02-12-2007,30.31,30.71,30.31,30.71,13197
02-13-2007,30.38,30.85,30.38,30.85,16240
02-14-2007,30.65,30.91,30.31,30.71,7572
02-15-2007,30.51,31.05,30.45,30.45,97137
02-16-2007,30.45,30.65,30.11,30.38,16483
02-20-2007,30.51,30.51,30.18,30.25,5878
02-21-2007,29.98,30.51,29.98,30.38,8500
02-22-2007,30.38,30.58,30.31,30.45,15538
02-23-2007,30.38,30.71,30.38,30.71,203111
02-26-2007,30.65,30.78,30.58,30.71,38317
02-27-2007,30.38,30.98,29.98,30.78,9081
02-28-2007,30.38,30.38,29.85,30.18,9235
03-01-2007,30.05,30.58,30.05,30.18,7572
03-02-2007,30.05,30.31,29.51,30.31,11718
03-05-2007,30.31,30.58,29.71,29.71,6044
03-06-2007,29.98,30.38,29.71,30.11,13249
03-07-2007,30.05,30.45,29.71,30.38,274093
03-08-2007,30.51,30.58,30.31,30.31,418830
03-09-2007,30.38,30.65,29.85,30.11,10208
03-12-2007,30.31,30.58,30.18,30.31,5277
03-13-2007,30.25,30.71,29.71,29.85,9143
03-14-2007,29.98,30.05,29.24,29.78,56054
03-15-2007,34.72,35.19,31.51,32.71,112979
03-16-2007,32.98,32.98,32.18,32.32,64034
03-19-2007,32.52,32.52,31.92,31.98,42229
03-20-2007,31.85,32.25,31.78,31.98,32149
03-21-2007,31.65,32.38,31.65,32.32,45685
03-22-2007,32.25,32.45,31.31,32.25,49867
03-23-2007,32.25,33.25,32.25,32.58,65128
03-26-2007,32.38,32.52,31.45,31.98,29674
03-27-2007,31.98,32.72,31.85,32.58,48130
03-28-2007,32.58,32.58,31.92,32.18,21574
03-29-2007,32.32,32.38,31.98,32.05,45282
03-30-2007,32.38,32.38,31.98,32.05,24871
04-02-2007,32.05,32.45,32.05,32.38,39635
04-03-2007,32.38,32.72,32.25,32.52,40237
04-04-2007,32.52,32.72,32.38,32.52,34725
04-05-2007,32.38,32.72,32.38,32.65,27176
04-09-2007,32.78,33.12,32.65,32.92,28101
04-10-2007,32.92,33.12,32.85,32.85,45047
04-11-2007,32.72,32.72,32.32,32.45,24179
04-12-2007,32.45,32.58,32.18,32.38,62955
04-13-2007,32.32,32.45,31.92,31.92,31641
04-16-2007,31.92,32.58,31.92,32.05,26023
04-17-2007,32.05,32.25,31.65,31.65,36073
04-18-2007,31.72,32.05,31.51,31.65,49582
04-19-2007,31.51,31.65,31.18,31.38,36266
04-20-2007,31.51,31.72,31.11,31.65,29302
04-23-2007,31.58,31.98,31.51,31.92,28837
04-24-2007,31.92,32.72,31.86,32.45,49465
04-25-2007,28.78,32.72,28.78,32.58,23687
04-26-2007,32.58,32.65,32.32,32.38,28240
04-27-2007,32.38,32.52,32.25,32.38,7107
04-30-2007,32.32,32.45,31.85,31.92,14370
05-01-2007,31.92,32.38,31.65,32.32,84284
05-02-2007,32.32,32.45,32.12,32.25,101688
05-03-2007,32.32,32.45,32.25,32.38,15073
05-04-2007,32.45,32.52,32.32,32.38,23646
05-07-2007,32.65,34.05,32.45,32.72,119406
05-08-2007,32.65,33.18,32.32,33.12,51256
05-09-2007,33.12,33.18,32.52,32.98,9940
05-10-2007,32.92,32.92,31.78,32.12,26967
05-11-2007,32.05,32.18,31.78,32.05,23475
05-14-2007,32.05,32.52,31.58,31.78,16663
05-15-2007,31.85,32.25,31.45,31.78,32896
05-16-2007,31.58,32.12,31.45,31.72,29540
05-17-2007,31.78,31.92,31.51,31.85,24661
05-18-2007,31.72,31.78,31.58,31.72,22083
05-21-2007,31.65,31.92,31.51,31.78,83041
05-22-2007,31.92,32.52,31.92,32.18,28129
05-23-2007,32.18,32.45,31.51,31.51,16677
05-24-2007,31.58,32.12,31.05,31.31,36197
05-25-2007,31.25,31.51,30.85,31.31,11810
05-29-2007,31.18,31.65,31.18,31.58,22562
05-30-2007,31.58,31.78,30.98,31.58,31192
05-31-2007,31.65,31.65,30.85,31.05,61908
06-01-2007,30.98,31.18,29.78,30.78,486885
06-04-2007,30.85,31.05,30.65,30.78,43455
06-05-2007,30.58,30.98,30.45,30.71,50420
06-06-2007,30.51,30.85,30.38,30.65,20121
06-07-2007,30.65,31.11,30.11,30.38,37958
06-08-2007,30.31,30.65,30.05,30.65,14567
06-11-2007,30.65,30.65,29.98,30.11,27567
06-12-2007,30.05,30.11,29.18,29.44,54571
06-13-2007,29.58,29.58,28.38,28.84,35488
06-14-2007,28.78,30.05,28.58,29.64,25579
06-15-2007,30.05,30.18,29.71,30.18,25172
06-18-2007,30.05,30.38,30.05,30.11,17515
06-19-2007,30.11,31.38,30.11,30.98,204806
06-20-2007,31.05,31.45,30.91,30.91,109504
06-21-2007,31.11,31.31,30.78,30.98,46135
06-22-2007,31.38,31.38,30.58,30.98,739823
06-25-2007,30.78,31.11,30.51,30.85,48429
06-26-2007,30.91,31.18,30.58,31.05,154155
06-27-2007,30.71,31.45,30.45,31.25,33840
06-28-2007,31.25,31.98,31.25,31.65,47382
06-29-2007,31.78,31.85,30.98,30.98,132842
07-02-2007,30.98,31.51,30.98,31.38,93254
07-03-2007,31.51,31.98,31.31,31.65,61023
07-05-2007,31.65,31.92,31.52,31.65,97687
07-06-2007,31.58,31.72,31.51,31.65,30293
07-09-2007,31.58,31.98,31.51,31.65,245724
07-10-2007,31.58,31.65,29.24,30.58,36701
07-11-2007,30.45,30.85,30.31,30.65,22096
07-12-2007,30.91,31.18,30.51,31.11,16392
07-13-2007,30.98,30.98,30.38,30.85,16870
07-16-2007,30.58,30.78,29.78,30.05,25827
07-17-2007,30.05,30.18,29.24,29.51,24300
07-18-2007,29.31,29.78,28.78,29.71,33377
07-19-2007,29.51,30.25,29.51,29.98,37911
07-20-2007,29.91,30.18,29.18,29.44,69096
07-23-2007,29.38,29.78,29.18,29.31,36415
07-24-2007,29.18,29.38,27.57,28.11,75505
07-25-2007,28.04,28.78,27.91,28.04,34079
07-26-2007,27.78,28.44,27.51,28.38,67223
07-27-2007,27.98,28.44,27.57,28.24,54374
07-30-2007,28.04,28.44,27.71,28.18,92312
07-31-2007,28.38,28.51,27.98,28.18,28837
08-01-2007,28.18,28.51,27.51,28.44,39546
08-02-2007,28.24,28.98,28.04,28.24,35473
08-03-2007,27.71,27.98,27.11,27.71,60741
08-06-2007,25.64,27.57,25.64,26.91,117552
08-07-2007,26.71,28.04,26.71,26.74,322327
08-08-2007,28.21,32.45,26.77,27.71,447042
08-09-2007,28.71,28.90,26.04,28.71,423043
08-10-2007,28.21,29.82,27.48,28.52,389754
08-13-2007,27.92,29.81,27.92,29.32,193796
08-14-2007,29.51,29.51,29.04,29.20,121785
08-15-2007,29.19,29.38,28.04,28.13,149997
08-16-2007,27.71,29.20,26.57,27.78,412497
08-17-2007,29.38,29.38,27.71,28.16,229040
08-20-2007,28.08,28.90,27.84,28.04,221078
08-21-2007,27.67,28.04,27.59,27.68,339890
08-22-2007,28.01,28.20,27.71,27.84,181442
08-23-2007,27.57,27.85,27.51,27.53,93496
08-24-2007,27.51,27.60,27.09,27.29,84523
08-27-2007,27.26,27.76,27.09,27.64,148764
08-28-2007,27.51,27.62,26.95,27.21,268574
08-29-2007,27.31,27.68,26.94,27.24,201131
08-30-2007,27.13,27.54,27.07,27.32,188843
08-31-2007,27.12,27.94,27.12,27.23,440652
09-04-2007,27.19,27.55,26.83,27.53,242101
09-05-2007,27.29,27.71,27.07,27.07,321831
09-06-2007,27.21,27.59,27.10,27.37,198668
09-07-2007,27.17,28.04,26.59,27.94,536489
09-10-2007,28.01,28.01,26.71,26.90,241595
09-11-2007,27.09,27.40,26.87,27.36,135864
09-12-2007,27.31,27.56,26.94,27.29,164469
09-13-2007,27.33,27.66,26.86,27.57,212747
09-14-2007,27.27,27.82,27.10,27.64,172424
09-17-2007,27.50,27.50,27.07,27.17,261922
09-18-2007,27.37,28.20,26.97,27.99,427615
09-19-2007,28.20,28.74,28.20,28.74,334916
09-20-2007,28.65,29.00,28.41,28.87,84426
09-21-2007,29.12,29.38,28.92,29.31,404155
09-24-2007,29.24,29.48,28.75,29.34,158182
09-25-2007,29.25,29.34,28.72,28.78,213136
09-26-2007,28.96,29.12,28.66,28.68,148842
09-27-2007,28.86,29.44,28.82,29.44,43278
09-28-2007,29.44,29.44,28.92,29.05,118107
10-01-2007,29.06,29.79,29.03,29.32,218533
10-02-2007,29.24,29.64,29.24,29.51,196204
10-03-2007,29.44,29.58,29.38,29.41,303162
10-04-2007,29.58,29.59,29.31,29.55,114052
10-05-2007,29.69,29.99,29.56,29.87,157500
10-08-2007,29.78,30.09,29.78,30.09,118778
10-09-2007,29.99,30.15,29.76,29.95,111219
10-10-2007,29.98,30.08,29.88,30.02,117565
10-11-2007,30.05,30.11,29.56,29.64,193024
10-12-2007,29.63,30.38,29.58,30.32,169238
10-15-2007,30.28,30.61,29.78,30.02,144782
10-16-2007,30.00,30.06,29.81,29.97,132867
10-17-2007,30.08,30.08,29.54,29.67,226764
10-18-2007,29.54,29.82,29.05,29.82,76886
10-19-2007,29.82,29.83,28.72,28.83,141929
10-22-2007,28.72,28.78,28.35,28.60,118451
10-23-2007,28.62,28.71,28.30,28.41,149294
10-24-2007,28.28,28.58,28.08,28.32,107471
10-25-2007,28.47,28.68,27.81,27.86,193330
10-26-2007,28.14,28.54,28.02,28.33,84766
10-29-2007,28.36,28.56,27.74,28.24,94230
10-30-2007,28.18,28.18,27.64,27.85,109881
10-31-2007,27.90,28.72,27.86,28.45,166228
11-01-2007,28.18,28.18,27.07,27.19,225466
11-02-2007,27.21,27.78,26.89,27.07,90145
11-05-2007,26.81,26.95,26.08,26.73,120236
11-06-2007,27.26,27.54,26.93,27.50,127774
11-07-2007,26.61,27.29,26.16,26.47,296485
11-08-2007,26.65,26.65,26.28,26.39,402215
11-09-2007,26.27,26.57,25.81,26.30,237667
11-12-2007,26.17,27.13,26.16,27.07,215851
11-13-2007,27.06,28.04,27.06,27.87,203472
11-14-2007,28.02,28.02,27.46,27.80,151313
11-15-2007,27.62,27.72,27.07,27.43,152028
11-16-2007,27.42,27.48,26.98,27.47,154115
11-19-2007,27.11,27.21,26.24,26.74,174025
11-20-2007,26.59,26.97,25.95,26.32,188297
11-21-2007,26.32,26.57,25.97,26.20,80290
11-23-2007,26.41,26.77,26.16,26.58,26282
11-26-2007,26.56,26.77,25.34,25.37,108470
11-27-2007,25.40,25.75,25.03,25.21,195437
11-28-2007,25.51,26.21,25.23,25.65,163058
11-29-2007,25.64,26.18,25.52,26.03,136702
11-30-2007,26.35,26.57,26.09,26.38,263280
12-03-2007,26.37,26.53,25.71,25.75,172003
12-04-2007,25.72,25.99,25.41,25.77,107451
12-05-2007,26.11,26.21,25.44,25.59,86275
12-06-2007,25.59,26.67,25.46,26.49,165233
12-07-2007,26.61,26.70,25.99,26.18,140937
12-10-2007,26.01,26.35,25.97,26.22,289079
12-11-2007,26.30,26.35,26.13,26.23,185182
12-12-2007,26.43,26.71,26.18,26.31,140736
12-13-2007,26.14,26.54,26.07,26.54,321297
12-14-2007,26.14,26.61,26.05,26.37,163712
12-17-2007,26.21,26.47,26.07,26.17,249138
12-18-2007,26.44,26.70,25.93,26.57,225666
12-19-2007,26.43,26.65,26.25,26.53,119581
12-20-2007,26.71,27.29,26.59,27.23,797933
12-21-2007,27.57,28.37,27.57,28.04,523512
12-24-2007,28.02,28.20,27.98,28.18,84664
12-26-2007,28.18,28.34,28.05,28.16,131054
12-27-2007,28.20,28.53,28.02,28.26,141860
12-28-2007,28.34,28.39,28.05,28.26,133338
12-31-2007,28.10,28.33,27.13,28.13,285840
01-02-2008,28.03,28.08,27.22,27.60,125960
01-03-2008,27.71,27.72,26.71,26.71,131910
01-04-2008,26.57,26.68,26.44,26.61,135456
01-07-2008,26.69,27.32,26.49,26.95,132537
01-08-2008,27.02,27.08,25.97,26.11,268369
01-09-2008,26.11,26.65,25.91,26.51,199543
01-10-2008,26.25,27.23,26.15,27.07,148147
01-11-2008,26.79,26.99,26.03,26.11,140488
01-14-2008,26.35,26.85,26.19,26.70,114613
01-15-2008,26.40,26.86,26.01,26.59,238618
01-16-2008,26.57,27.37,26.55,27.32,159728
01-17-2008,27.35,27.44,26.46,26.81,134891
01-18-2008,26.64,27.32,25.74,26.00,322265
01-22-2008,25.57,26.92,25.42,26.28,217409
01-23-2008,25.80,27.31,25.80,27.22,325072
01-24-2008,27.33,27.37,26.92,26.99,288215
01-25-2008,27.29,27.29,26.65,26.75,100349
01-28-2008,26.64,27.04,26.48,26.57,227971
01-29-2008,26.75,26.83,26.21,26.69,252831
01-30-2008,26.47,26.77,26.21,26.21,181943
01-31-2008,26.05,27.27,25.95,27.27,175360
02-01-2008,27.32,27.72,27.05,27.61,143725
02-04-2008,27.59,28.04,27.26,27.37,102899
02-05-2008,27.04,27.13,26.48,26.82,127114
02-06-2008,27.09,27.35,26.68,26.68,150897
02-07-2008,26.58,27.05,26.41,26.71,167577
02-08-2008,26.69,27.04,26.06,26.59,109413
02-11-2008,26.92,27.20,25.97,26.14,74864
02-12-2008,26.33,26.33,25.65,26.19,101210
02-13-2008,26.63,26.74,26.19,26.73,128660
02-14-2008,26.11,26.11,25.37,25.74,265721
02-15-2008,25.55,25.83,25.14,25.40,119960
02-19-2008,25.69,25.87,25.10,25.41,131257
02-20-2008,25.28,25.60,24.99,25.60,131936
02-21-2008,25.79,25.90,24.94,25.07,137095
02-22-2008,25.04,25.09,24.60,25.06,208302
02-25-2008,25.02,25.35,24.77,25.08,97040
02-26-2008,24.90,25.75,24.90,25.11,119571
02-27-2008,24.92,25.66,24.90,25.34,85625
02-28-2008,25.19,25.37,24.97,25.12,295191
02-29-2008,24.86,25.37,24.74,24.98,231242
03-03-2008,25.05,25.36,24.15,24.68,155188
03-04-2008,24.37,25.37,24.37,25.27,120263
03-05-2008,25.38,25.38,24.67,24.75,200823
03-06-2008,24.64,24.70,24.28,24.48,167171
03-07-2008,24.26,24.72,24.00,24.24,122121
03-10-2008,24.28,24.38,23.76,23.96,146952
03-11-2008,24.55,24.70,23.84,24.44,169234
03-12-2008,24.51,24.66,23.58,23.67,264664
03-13-2008,23.56,23.92,23.23,23.46,288930
03-14-2008,23.63,23.64,22.58,22.87,237484
03-17-2008,22.66,23.08,22.24,22.24,266996
03-18-2008,22.69,22.80,22.09,22.55,226983
03-19-2008,22.75,23.40,22.75,22.81,293112
03-20-2008,23.18,23.42,22.42,23.30,569370
03-24-2008,23.34,23.62,23.13,23.40,220084
03-25-2008,23.37,23.71,23.12,23.52,153383
03-26-2008,23.36,24.03,23.08,23.95,135208
03-27-2008,24.00,24.00,22.97,23.00,132320
03-28-2008,23.08,23.40,23.00,23.11,134755
03-31-2008,23.06,23.87,23.04,23.72,101168
04-01-2008,23.98,24.30,23.92,24.16,97673
04-02-2008,24.11,24.70,24.08,24.34,131966
04-03-2008,24.15,24.60,24.10,24.43,72130
04-04-2008,24.50,24.50,23.64,23.72,84400
04-07-2008,23.93,24.65,23.38,23.56,85047
04-08-2008,23.32,23.91,23.32,23.47,307733
04-09-2008,23.55,24.03,23.14,23.27,172269
04-10-2008,23.31,23.35,22.94,23.10,199994
04-11-2008,22.93,23.42,22.58,22.73,273445
04-14-2008,22.68,22.95,22.48,22.63,275186
04-15-2008,22.78,23.23,22.34,23.17,258034
04-16-2008,23.38,23.71,22.83,23.47,312805
04-17-2008,23.41,23.46,22.44,23.03,109862
04-18-2008,23.37,23.67,23.00,23.12,111149
04-21-2008,23.02,23.11,22.66,22.99,103828
04-22-2008,22.83,22.96,22.26,22.90,139488
04-23-2008,22.99,22.99,22.70,22.87,124963
04-24-2008,22.94,23.47,22.70,23.38,147555
04-25-2008,23.38,23.69,23.14,23.48,83219
04-28-2008,23.40,23.96,23.00,23.92,330238
04-29-2008,23.84,23.96,23.43,23.85,118511
04-30-2008,23.93,24.14,23.73,23.92,231208
05-01-2008,23.86,24.37,23.86,24.16,107459
05-02-2008,24.37,24.37,23.82,24.14,164275
05-05-2008,24.40,24.40,23.02,23.67,167326
05-06-2008,24.42,25.61,23.90,25.23,517377
05-07-2008,25.51,25.55,24.66,24.77,164042
05-08-2008,25.21,25.63,24.99,24.99,108023
05-09-2008,24.50,25.34,24.37,25.27,110432
05-12-2008,25.34,25.79,25.12,25.51,99642
05-13-2008,25.57,25.65,25.21,25.55,128842
05-14-2008,24.96,25.71,24.96,25.49,143974
05-15-2008,25.44,25.81,24.96,25.63,154191
05-16-2008,25.77,25.77,24.94,25.11,145525
05-19-2008,25.05,25.58,25.00,25.06,162816
05-20-2008,25.00,25.28,24.68,25.23,96454
05-21-2008,25.34,25.63,25.12,25.39,106455
05-22-2008,25.37,25.83,24.99,25.45,150934
05-23-2008,25.08,25.40,24.92,25.24,96368
05-27-2008,25.30,25.87,25.25,25.30,105206
05-28-2008,25.51,25.70,25.08,25.25,95672
05-29-2008,25.15,25.87,25.00,25.61,172984
05-30-2008,25.69,25.83,25.34,25.77,221410
06-02-2008,25.68,25.78,25.22,25.57,98971
06-03-2008,25.68,25.75,25.37,25.71,173655
06-04-2008,25.55,26.05,25.53,26.02,225225
06-05-2008,26.04,26.42,25.92,26.41,213633
06-06-2008,26.21,26.49,25.91,26.01,298199
06-09-2008,25.98,25.98,25.14,25.56,149363
06-10-2008,25.35,25.93,25.10,25.79,170715
06-11-2008,25.69,25.87,25.31,25.31,125981
06-12-2008,25.48,25.97,25.34,25.44,123088
06-13-2008,25.66,26.01,25.29,25.43,128534
06-16-2008,25.38,25.56,25.25,25.37,116599
06-17-2008,25.34,25.34,24.83,24.96,98544
06-18-2008,24.81,25.02,24.50,24.84,91495
06-19-2008,24.84,25.75,24.68,25.75,162346
06-20-2008,25.64,25.64,24.82,25.40,329820
06-23-2008,25.61,25.77,24.62,24.69,83081
06-24-2008,24.48,24.86,24.00,24.18,175793
06-25-2008,24.24,24.65,23.98,24.24,181934
06-26-2008,24.00,24.16,23.15,23.24,122258
06-27-2008,23.18,23.24,22.37,22.39,801338
06-30-2008,22.44,22.78,22.21,22.41,227730
07-01-2008,22.39,22.92,22.39,22.77,204981
07-02-2008,22.70,23.11,22.69,23.08,287992
07-03-2008,23.08,23.21,22.73,23.04,148438
07-07-2008,23.20,23.42,22.97,23.04,196108
07-08-2008,23.13,23.67,23.04,23.50,215241
07-09-2008,23.55,23.55,22.63,22.65,156410
07-10-2008,22.55,23.00,22.53,22.65,171777
07-11-2008,22.54,22.57,21.90,22.34,233911
07-14-2008,22.57,22.57,21.91,22.19,100312
07-15-2008,21.93,22.46,21.89,22.05,143834
07-16-2008,22.19,22.94,21.43,22.77,188165
07-17-2008,22.81,23.08,22.41,22.90,153714
07-18-2008,22.88,23.06,22.27,22.64,221350
07-21-2008,22.63,22.63,21.81,22.03,85522
07-22-2008,21.96,23.01,21.89,23.01,224132
07-23-2008,22.98,23.09,22.41,22.65,90832
07-24-2008,22.75,23.34,22.75,23.02,167559
07-25-2008,23.28,23.34,22.78,22.90,110782
07-28-2008,22.78,22.80,21.45,21.95,220955
07-29-2008,21.99,22.79,21.87,22.57,146005
07-30-2008,22.70,22.99,22.06,22.75,132869
07-31-2008,22.44,22.82,22.17,22.73,178153
08-01-2008,22.65,23.30,22.37,23.12,99746
08-04-2008,23.07,23.20,22.46,22.83,159536
08-05-2008,23.16,23.38,22.26,23.32,138628
08-06-2008,23.31,24.10,22.72,23.92,175117
08-07-2008,23.60,24.44,23.54,24.07,262696
08-08-2008,24.10,24.38,23.40,24.31,353133
08-11-2008,24.32,25.11,24.20,24.56,193986
08-12-2008,24.43,25.08,24.31,24.89,117784
08-13-2008,24.56,25.35,24.48,25.09,231991
08-14-2008,25.08,25.97,24.80,25.57,148454
08-15-2008,25.97,25.97,24.91,25.47,275297
08-18-2008,25.46,25.97,24.75,25.08,140595
08-19-2008,25.11,25.11,24.27,24.82,159730
08-20-2008,24.89,25.08,24.08,24.35,120941
08-21-2008,24.12,24.64,23.81,24.15,80094
08-22-2008,24.45,24.97,24.25,24.87,126585
08-25-2008,24.68,24.68,24.02,24.43,89727
08-26-2008,24.34,24.60,24.00,24.34,117500
08-27-2008,24.28,24.77,24.06,24.65,126944
08-28-2008,24.64,24.86,24.20,24.86,99951
08-29-2008,24.63,25.21,24.54,25.10,112406
09-02-2008,25.30,25.64,24.59,25.06,108465
09-03-2008,24.90,25.37,24.90,25.19,200315
09-04-2008,24.88,25.38,24.88,25.25,191137
09-05-2008,24.96,25.24,24.60,24.86,147005
09-08-2008,24.88,25.70,24.88,25.51,154849
09-09-2008,25.73,26.04,24.95,24.98,171161
09-10-2008,25.15,25.26,24.38,24.43,248112
09-11-2008,24.20,24.48,23.89,24.44,185046
09-12-2008,24.08,24.47,23.96,24.02,103429
09-15-2008,23.50,24.70,22.87,22.97,115240
09-16-2008,22.47,26.55,22.47,25.03,191358
09-17-2008,24.21,25.00,23.50,23.80,196911
09-18-2008,24.30,27.82,23.05,26.86,524554
09-19-2008,28.38,28.81,24.50,27.67,740185
09-22-2008,27.37,28.76,26.29,26.29,106386
09-23-2008,26.71,27.29,25.61,25.92,183312
09-24-2008,25.67,26.70,24.88,24.93,181953
09-25-2008,24.89,26.71,24.89,25.28,248942
09-26-2008,24.83,25.70,24.37,24.87,94473
09-29-2008,24.42,25.04,21.82,21.82,128629
09-30-2008,22.03,25.16,22.03,24.60,158762
10-01-2008,24.11,26.13,24.11,24.91,180939
10-02-2008,24.38,25.19,23.42,23.51,96073
10-03-2008,25.23,25.23,23.80,23.82,112122
10-06-2008,23.32,24.45,21.89,23.80,153331
10-07-2008,23.85,24.24,20.87,21.55,158794
10-08-2008,20.70,20.70,19.21,19.64,345427
10-09-2008,20.02,20.02,17.85,18.03,384250
10-10-2008,17.39,18.82,16.43,18.26,408216
10-13-2008,19.86,20.02,18.18,19.76,245508
10-14-2008,21.11,21.11,17.84,19.71,210727
10-15-2008,19.02,20.31,18.14,18.33,137867
10-16-2008,18.52,19.33,16.58,19.22,192311
10-17-2008,18.66,19.97,17.83,18.53,218453
10-20-2008,18.72,19.54,18.05,18.80,108693
10-21-2008,18.38,19.28,18.37,18.82,160622
10-22-2008,18.23,19.56,18.19,18.70,167691
10-23-2008,18.81,18.96,17.57,18.51,181372
10-24-2008,16.79,19.50,16.38,18.76,170868
10-27-2008,18.59,19.24,17.42,18.41,186351
10-28-2008,19.04,19.95,17.94,19.90,202445
10-29-2008,19.75,20.69,18.83,19.42,262606
10-30-2008,20.02,20.58,18.86,20.55,251462
10-31-2008,20.30,22.02,19.42,21.30,220625
11-03-2008,20.57,21.67,20.39,21.50,115104
11-04-2008,20.85,21.89,20.04,21.53,130654
11-05-2008,21.43,22.15,21.40,21.43,218095
11-06-2008,21.43,22.39,21.41,21.41,147126
11-07-2008,21.63,22.24,21.39,21.95,114044
11-10-2008,21.87,22.21,20.91,21.39,170178
11-11-2008,21.00,22.40,21.00,21.35,175172
11-12-2008,21.13,21.94,19.88,19.92,136294
11-13-2008,20.14,22.72,19.42,22.33,177436
11-14-2008,21.94,22.57,18.32,20.03,428179
11-17-2008,20.02,21.33,19.97,20.47,111130
11-18-2008,20.56,21.38,19.67,20.47,143725
11-19-2008,20.19,20.37,18.78,18.79,260165
11-20-2008,18.74,19.74,17.11,17.25,207882
11-21-2008,17.69,18.74,16.26,18.55,302441
11-24-2008,19.01,20.29,17.85,19.73,198216
11-25-2008,20.08,20.08,18.74,18.94,385668
11-26-2008,18.43,20.18,18.03,20.17,261549
11-28-2008,19.97,21.26,19.84,21.13,92856
12-01-2008,20.70,21.12,19.34,19.41,312907
12-02-2008,19.92,20.70,19.57,20.62,162169
12-03-2008,19.98,21.87,19.70,21.49,228681
12-04-2008,21.05,22.39,21.05,22.02,211820
12-05-2008,21.55,22.35,20.93,21.63,426300
12-08-2008,22.29,22.43,21.05,22.20,282112
12-09-2008,21.87,22.38,21.40,21.57,302884
12-10-2008,21.85,22.23,21.03,21.37,152479
12-11-2008,21.02,21.57,21.02,21.33,266238
12-12-2008,20.86,21.39,20.75,21.39,293261
12-15-2008,21.46,21.46,20.74,21.13,242107
12-16-2008,21.63,21.84,21.06,21.69,439587
12-17-2008,21.35,22.13,21.35,21.83,282910
12-18-2008,21.86,22.11,21.71,21.89,318284
12-19-2008,22.41,22.68,21.94,22.10,533567
12-22-2008,22.07,22.63,21.42,21.93,335167
12-23-2008,22.20,22.20,21.63,21.99,537462
12-24-2008,22.11,22.33,21.45,21.80,35927
12-26-2008,21.89,22.05,21.65,22.03,44557
12-29-2008,22.02,22.09,21.61,22.09,177406
12-30-2008,22.31,22.58,22.08,22.57,308857
12-31-2008,22.66,22.85,22.47,22.65,456435
01-02-2009,22.72,22.86,22.49,22.67,228845
01-05-2009,22.73,22.97,22.28,22.90,181648
01-06-2009,23.22,23.71,22.63,23.57,400722
01-07-2009,23.07,23.65,22.68,22.93,156103
01-08-2009,22.77,23.46,22.77,23.37,132916
01-09-2009,23.30,23.42,22.69,22.83,195687
01-12-2009,22.72,23.20,22.64,22.81,312024
01-13-2009,22.63,23.34,22.63,23.19,155835
01-14-2009,22.60,22.87,21.89,22.21,223235
01-15-2009,22.19,22.53,21.44,22.20,211162
01-16-2009,22.43,22.53,21.55,22.28,159989
01-20-2009,22.03,22.18,20.79,20.80,206299
01-21-2009,21.04,21.80,20.80,21.71,193835
01-22-2009,21.25,21.47,20.38,20.88,101036
01-23-2009,20.50,21.11,20.32,20.58,100633
01-26-2009,20.68,21.16,20.55,21.00,146844
01-27-2009,21.01,21.33,20.72,21.05,112587
01-28-2009,21.35,22.15,21.34,22.02,136537
01-29-2009,21.81,21.89,20.92,20.97,100839
01-30-2009,21.13,21.13,20.44,20.77,169571
02-02-2009,20.58,21.13,20.33,20.63,206717
02-03-2009,20.80,21.02,20.39,20.82,191814
02-04-2009,20.89,20.95,19.88,20.05,224349
02-05-2009,19.96,20.28,19.47,19.72,397941
02-06-2009,19.64,20.05,19.54,19.96,234158
02-09-2009,19.94,20.46,19.94,20.33,312818
02-10-2009,20.26,20.46,18.96,19.02,211342
02-11-2009,19.18,19.62,19.13,19.40,130415
02-12-2009,19.15,19.90,19.08,19.82,228849
02-13-2009,20.08,21.98,20.08,20.80,422838
02-17-2009,19.85,20.82,19.85,20.24,187568
02-18-2009,20.36,20.75,19.98,20.30,145388
02-19-2009,20.52,20.88,20.14,20.24,120385
02-20-2009,19.90,20.36,19.70,20.09,169020
02-23-2009,20.21,20.27,18.88,18.95,223431
02-24-2009,19.24,19.58,18.62,19.53,311474
02-25-2009,19.36,19.42,18.33,18.76,159579
02-26-2009,18.96,19.36,18.67,18.83,146824
02-27-2009,18.58,19.22,18.13,18.92,160410
03-02-2009,18.58,19.20,18.20,18.88,206191
03-03-2009,19.16,19.16,17.73,17.98,343805
03-04-2009,18.19,18.35,17.27,17.82,313135
03-05-2009,17.41,17.50,17.04,17.08,214848
03-06-2009,17.24,17.50,16.95,17.43,141106
03-09-2009,17.29,17.37,16.91,16.94,145532
03-10-2009,17.43,17.89,17.40,17.80,158901
03-11-2009,17.87,18.49,17.54,17.77,102677
03-12-2009,17.65,19.24,17.23,19.11,150610
03-13-2009,19.16,19.35,18.53,18.79,350920
03-16-2009,19.04,19.74,18.92,18.94,226823
03-17-2009,18.88,18.92,18.13,18.53,490186
03-18-2009,18.50,19.04,17.17,17.92,752079
03-19-2009,18.13,18.29,17.43,17.67,626408
03-20-2009,17.87,18.66,17.76,18.47,776966
03-23-2009,19.10,19.84,18.68,19.84,531751
03-24-2009,19.60,20.15,19.10,19.16,278901
03-25-2009,19.34,19.71,18.54,19.64,400137
03-26-2009,19.84,20.22,19.15,20.16,350521
03-27-2009,19.82,20.34,19.68,20.00,411662
03-30-2009,19.70,19.74,19.20,19.21,287043
03-31-2009,19.47,20.30,19.38,20.12,289252
04-01-2009,19.76,20.47,19.64,20.28,241015
04-02-2009,20.66,21.10,20.24,21.01,279218
04-03-2009,20.90,21.22,20.48,21.21,184157
04-06-2009,20.86,20.99,20.20,20.46,257954
04-07-2009,20.22,20.38,19.72,19.73,201223
04-08-2009,19.93,20.47,19.86,20.42,166999
04-09-2009,20.83,21.23,20.02,21.17,295891
04-13-2009,20.79,21.29,20.65,21.14,157785
04-14-2009,20.75,20.76,19.14,19.17,424264
04-15-2009,19.08,19.78,18.96,19.68,244207
04-16-2009,19.92,20.11,19.28,19.84,207570
04-17-2009,19.90,19.97,19.30,19.50,468139
04-20-2009,18.96,19.64,18.31,18.32,372724
04-21-2009,18.30,19.17,18.23,19.16,346349
04-22-2009,18.79,19.24,18.57,18.63,345354
04-23-2009,18.70,18.92,18.29,18.78,308215
04-24-2009,18.92,19.05,18.30,18.54,345386
04-27-2009,18.21,18.72,18.21,18.35,305936
04-28-2009,18.21,19.38,18.21,18.99,256223
04-29-2009,19.22,19.22,18.72,19.00,298316
04-30-2009,19.11,19.48,18.66,18.69,427380
05-01-2009,18.70,18.70,17.92,18.01,308595
05-04-2009,18.25,18.34,17.55,18.33,395284
05-05-2009,18.13,18.77,17.39,17.65,366313
05-06-2009,18.31,18.87,17.99,18.82,374056
05-07-2009,19.03,19.44,18.70,18.71,278461
05-08-2009,19.07,20.28,18.52,20.25,445781
05-11-2009,19.72,19.94,19.30,19.37,350729
05-12-2009,19.56,20.04,19.26,19.77,284584
05-13-2009,19.39,19.90,19.16,19.70,397716
05-14-2009,19.84,20.42,19.30,20.24,410905
05-15-2009,20.17,20.43,19.83,19.95,381987
05-18-2009,20.25,20.28,19.83,20.21,347544
05-19-2009,20.08,20.30,19.72,19.76,365896
05-20-2009,19.90,20.00,19.28,19.30,174369
05-21-2009,19.12,19.43,18.68,18.96,224964
05-22-2009,19.02,19.19,18.67,18.78,104614
05-26-2009,18.55,19.59,18.55,19.59,279936
05-27-2009,19.44,19.97,18.76,18.78,216797
05-28-2009,18.98,18.98,18.23,18.39,327458
05-29-2009,18.51,18.74,18.21,18.73,537139
06-01-2009,19.28,20.02,18.96,19.16,925486
06-02-2009,19.01,20.14,19.01,19.98,506984
06-03-2009,19.87,20.13,19.80,20.13,254891
06-04-2009,20.31,20.31,19.48,20.14,291780
06-05-2009,20.35,20.35,19.84,20.06,174680
06-08-2009,20.01,20.33,19.86,20.14,310308
06-09-2009,20.16,20.16,19.85,19.87,178247
06-10-2009,19.98,20.06,19.44,19.59,200251
06-11-2009,19.54,19.76,18.84,19.54,207541
06-12-2009,19.32,19.52,19.05,19.44,104833
06-15-2009,19.06,19.36,18.83,19.05,152381
06-16-2009,19.24,19.48,18.96,18.99,156268
06-17-2009,18.94,19.17,18.85,18.88,163577
06-18-2009,18.84,18.86,17.79,17.89,584788
06-19-2009,18.11,18.58,18.03,18.50,441014
06-22-2009,18.31,18.31,17.83,17.95,316660
06-23-2009,18.14,18.14,17.83,18.05,206412
06-24-2009,18.26,18.29,18.08,18.23,141434
06-25-2009,18.14,18.43,17.80,18.43,178220
06-26-2009,18.27,18.96,18.20,18.81,1164403
06-29-2009,18.74,19.00,18.43,18.98,240179
06-30-2009,19.05,19.05,18.56,18.84,173622
07-01-2009,18.31,19.42,18.30,19.36,145903
07-02-2009,19.04,19.04,18.56,18.66,173520
07-06-2009,18.64,19.04,18.49,18.84,131171
07-07-2009,18.91,19.13,18.76,19.02,240555
07-08-2009,19.16,19.56,19.10,19.38,434724
07-09-2009,19.56,19.76,19.36,19.66,265872
07-10-2009,20.22,20.22,19.32,20.00,271830
07-13-2009,20.28,20.87,19.63,20.84,286397
07-14-2009,20.90,21.10,20.65,20.67,162784
07-15-2009,20.96,21.24,20.70,21.19,264566
07-16-2009,21.02,21.57,20.84,21.42,148200
07-17-2009,21.40,21.65,20.97,21.31,143059
07-20-2009,21.49,21.75,21.06,21.56,141196
07-21-2009,21.73,21.79,21.38,21.44,142839
07-22-2009,19.37,21.59,18.50,21.23,474663
07-23-2009,21.04,21.94,20.91,21.89,255282
07-24-2009,21.71,22.15,21.49,22.11,204337
07-27-2009,22.07,22.63,21.87,22.45,311723
07-28-2009,22.33,22.58,22.19,22.35,421637
07-29-2009,22.21,22.72,22.09,22.14,340776
07-30-2009,22.34,22.78,21.89,22.48,367253
07-31-2009,22.33,23.26,22.33,22.43,354666
08-03-2009,22.70,23.18,22.45,23.08,367374
08-04-2009,23.10,24.04,23.10,23.90,289001
08-05-2009,23.99,24.03,23.46,23.68,219731
08-06-2009,23.86,24.03,23.56,23.76,285690
08-07-2009,23.62,24.00,23.62,23.78,250035
08-10-2009,23.62,23.95,23.62,23.81,304543
08-11-2009,23.64,23.83,23.32,23.36,325560
08-12-2009,23.42,23.80,23.42,23.64,287112
08-13-2009,23.82,23.97,23.32,23.79,170523
08-14-2009,23.83,23.88,23.37,23.61,117499
08-17-2009,23.16,23.55,22.77,23.32,128372
08-18-2009,23.51,23.94,23.09,23.33,89036
08-19-2009,23.02,23.42,23.02,23.41,116090
08-20-2009,23.40,23.63,23.28,23.62,159183
08-21-2009,23.85,23.90,23.30,23.84,275008
08-24-2009,23.96,24.02,23.72,23.88,107536
08-25-2009,23.95,24.00,23.52,23.81,142352
08-26-2009,23.72,23.84,23.52,23.80,142916
08-27-2009,23.84,23.84,23.52,23.80,156547
08-28-2009,23.88,23.90,23.50,23.72,105289
08-31-2009,23.47,23.74,23.47,23.58,159033
09-01-2009,23.41,23.72,23.14,23.20,175591
09-02-2009,23.17,23.42,22.37,23.25,243283
09-03-2009,23.10,23.44,22.83,23.42,152530
09-04-2009,23.44,23.60,23.09,23.60,123848
09-08-2009,23.46,23.74,23.34,23.67,153511
09-09-2009,23.59,23.80,23.46,23.77,107725
09-10-2009,23.63,23.95,23.53,23.89,111712
09-11-2009,23.99,24.03,23.74,23.78,121427
09-14-2009,23.54,24.04,23.54,23.98,296540
09-15-2009,23.87,24.11,22.84,24.04,101128
09-16-2009,24.04,24.35,23.86,24.28,114894
09-17-2009,24.24,24.48,23.93,24.00,194755
09-18-2009,24.02,24.02,23.52,23.52,280752
09-21-2009,23.24,23.44,23.24,23.24,165115
09-22-2009,23.38,23.50,22.98,23.02,119909
09-23-2009,23.12,23.12,22.57,22.57,184389
09-24-2009,22.73,22.73,22.35,22.41,212558
09-25-2009,22.31,22.71,22.29,22.35,202806
09-28-2009,22.37,22.67,22.35,22.65,522072
09-29-2009,22.73,22.90,22.49,22.75,157584
09-30-2009,22.83,22.83,22.29,22.49,178395
10-01-2009,22.44,22.59,22.26,22.47,355140
10-02-2009,22.23,22.67,22.23,22.50,217228
10-05-2009,22.67,22.67,22.34,22.63,295718
10-06-2009,22.70,22.94,22.47,22.94,264682
10-07-2009,22.91,23.06,22.71,22.81,259251
10-08-2009,23.04,23.08,22.59,22.98,372716
10-09-2009,22.96,23.46,22.96,23.46,155642
10-12-2009,23.36,24.04,23.36,23.98,243670
10-13-2009,24.02,24.18,23.73,23.84,198481
10-14-2009,24.06,24.16,23.83,24.06,152208
10-15-2009,24.00,24.06,23.93,24.02,97621
10-16-2009,23.82,24.03,23.64,23.89,145349
10-19-2009,24.04,24.26,23.89,24.15,101360
10-20-2009,23.96,24.13,23.59,23.66,134009
10-21-2009,23.67,24.02,23.20,23.26,149405
10-22-2009,23.60,23.60,22.69,23.50,257415
10-23-2009,23.50,23.86,23.09,23.24,234787
10-26-2009,23.36,23.74,23.20,23.49,311675
10-27-2009,23.50,23.82,23.46,23.57,182065
10-28-2009,23.46,23.72,22.99,23.02,221504
10-29-2009,23.25,23.37,22.82,23.23,182007
10-30-2009,22.99,23.18,22.35,22.67,345846
11-02-2009,22.74,22.96,22.37,22.96,229796
11-03-2009,21.69,22.95,20.77,22.31,484788
11-04-2009,22.31,22.31,21.43,21.46,361477
11-05-2009,21.67,21.88,21.07,21.77,254024
11-06-2009,21.54,21.75,21.23,21.33,256789
11-09-2009,21.40,21.46,21.21,21.45,232035
11-10-2009,21.28,21.55,21.20,21.30,135000
11-11-2009,21.55,21.55,21.20,21.21,151064
11-12-2009,21.11,21.25,20.84,20.84,192470
11-13-2009,20.94,20.96,20.55,20.82,138818
11-16-2009,21.05,21.27,20.66,21.26,219578
11-17-2009,21.23,21.30,20.99,21.15,115044
11-18-2009,21.09,21.25,20.76,20.87,156035
11-19-2009,20.66,20.79,20.35,20.46,168478
11-20-2009,20.36,20.64,20.34,20.63,131221
11-23-2009,20.91,20.97,20.40,20.77,104553
11-24-2009,20.74,21.08,20.43,20.62,132150
11-25-2009,20.65,20.84,20.50,20.52,86064
11-27-2009,20.16,20.40,19.88,19.88,98942
11-30-2009,19.81,19.81,19.01,19.48,440601
12-01-2009,19.70,19.78,19.36,19.59,503653
12-02-2009,19.66,19.70,19.24,19.45,294989
12-03-2009,19.54,19.54,19.06,19.06,229740
12-04-2009,19.47,19.47,18.96,19.31,254934
12-07-2009,19.30,19.44,19.06,19.14,146916
12-08-2009,19.03,19.30,18.96,19.26,312465
12-09-2009,19.29,19.34,19.05,19.33,179716
12-10-2009,19.35,19.36,18.86,18.86,399481
12-11-2009,18.99,19.31,18.86,19.31,177327
12-14-2009,19.36,19.48,19.04,19.48,155399
12-15-2009,19.49,19.71,19.23,19.62,308981
12-16-2009,19.80,19.86,19.60,19.62,351557
12-17-2009,19.60,19.74,19.23,19.47,259723
12-18-2009,19.70,19.70,19.28,19.56,453615
12-21-2009,19.90,19.90,19.44,19.56,143169
12-22-2009,19.56,19.64,19.34,19.40,120148
12-23-2009,19.45,19.55,19.39,19.50,94660
12-24-2009,19.58,19.62,19.47,19.57,27194
12-28-2009,19.65,19.65,19.36,19.54,79986
12-29-2009,19.54,19.71,19.42,19.59,63212
12-30-2009,19.49,19.74,19.42,19.68,117656
12-31-2009,19.70,19.70,19.35,19.46,280433
01-04-2010,19.70,19.92,19.46,19.92,176001
01-05-2010,19.83,19.92,19.50,19.52,148177
01-06-2010,19.21,19.50,18.33,18.46,719013
01-07-2010,18.50,18.59,18.13,18.56,339113
01-08-2010,18.51,18.57,18.43,18.51,209816
01-11-2010,18.56,18.56,18.22,18.43,214495
01-12-2010,18.26,18.48,18.17,18.31,447532
01-13-2010,18.43,18.43,18.19,18.31,198100
01-14-2010,18.29,18.33,18.13,18.15,288649
01-15-2010,18.20,18.20,17.59,18.07,682187
01-19-2010,18.12,18.30,17.93,18.29,258458
01-20-2010,18.11,18.16,17.86,18.10,532404
01-21-2010,18.18,18.25,17.72,17.83,319607
01-22-2010,17.77,17.87,17.53,17.65,324497
01-25-2010,17.77,17.87,17.56,17.57,165641
01-26-2010,17.53,17.84,17.44,17.45,280525
01-27-2010,17.40,17.94,17.36,17.93,492882
01-28-2010,18.02,18.02,17.64,17.85,212648
01-29-2010,17.87,18.06,17.75,17.85,133079
02-01-2010,17.87,17.93,17.56,17.85,177361
02-02-2010,17.81,17.94,17.56,17.59,275754
02-03-2010,17.56,17.64,17.37,17.48,167109
02-04-2010,17.41,17.60,17.29,17.35,239738
02-05-2010,17.35,17.45,17.13,17.26,265232
02-08-2010,17.25,17.31,17.09,17.09,124909
02-09-2010,17.33,17.69,17.10,17.29,139559
02-10-2010,17.19,17.50,17.09,17.37,188321
02-11-2010,17.36,17.45,17.12,17.44,152977
02-12-2010,17.33,17.70,17.09,17.69,216832
02-16-2010,17.77,18.03,17.55,18.00,124927
02-17-2010,18.13,18.54,17.87,18.17,143056
02-18-2010,18.05,18.36,17.98,18.27,151073
02-19-2010,19.62,19.62,18.94,19.02,720273
02-22-2010,19.12,19.54,19.12,19.40,306371
02-23-2010,19.40,19.41,18.86,18.86,361104
02-24-2010,18.86,19.06,18.86,19.02,334699
02-25-2010,18.82,18.98,18.73,18.87,245219
02-26-2010,18.97,18.97,18.66,18.66,241247
03-01-2010,18.71,18.83,18.59,18.78,195683
03-02-2010,18.86,19.14,18.61,19.14,329397
03-03-2010,19.22,19.22,19.01,19.21,359936
03-04-2010,19.34,19.53,19.29,19.49,299114
03-05-2010,19.53,19.83,19.11,19.75,243568
03-08-2010,19.68,19.96,19.65,19.91,210607
03-09-2010,19.75,20.03,19.75,19.87,272990
03-10-2010,19.86,20.12,19.84,20.10,296303
03-11-2010,20.09,20.34,20.09,20.15,306396
03-12-2010,20.32,20.52,20.32,20.47,354302
03-15-2010,20.38,20.58,20.38,20.52,290015
03-16-2010,20.52,20.96,20.44,20.96,691429
03-17-2010,21.04,21.60,21.04,21.52,513325
03-18-2010,21.60,21.79,21.38,21.66,217500
03-19-2010,21.70,21.95,21.62,21.95,551087
03-22-2010,21.81,21.91,21.59,21.78,255175
03-23-2010,21.72,21.79,21.37,21.54,233040
03-24-2010,21.52,21.63,21.37,21.42,166310
03-25-2010,21.60,21.65,21.27,21.29,137941
03-26-2010,21.26,21.58,21.26,21.41,136433
03-29-2010,21.52,21.74,21.50,21.72,104776
03-30-2010,21.72,22.11,21.72,21.91,183770
03-31-2010,21.77,22.18,21.72,21.85,138651
04-01-2010,21.98,22.03,21.78,21.94,82924
04-05-2010,22.08,22.35,21.95,22.26,185275
04-06-2010,22.26,22.48,22.26,22.34,116713
04-07-2010,22.19,22.43,22.03,22.29,182575
04-08-2010,22.29,22.36,21.55,22.34,216005
04-09-2010,22.33,22.48,22.17,22.38,189402
04-12-2010,22.29,22.42,22.23,22.29,179110
04-13-2010,22.19,22.43,21.90,22.42,136117
04-14-2010,22.54,22.79,22.37,22.79,165069
04-15-2010,22.80,22.80,22.53,22.71,137249
04-16-2010,22.72,22.86,22.41,22.52,243283
04-19-2010,22.36,22.46,22.06,22.21,518522
04-20-2010,22.36,23.31,22.23,23.30,470451
04-21-2010,23.30,23.36,23.11,23.31,138687
04-22-2010,23.13,23.45,23.08,23.41,121141
04-23-2010,23.43,23.67,23.29,23.55,140239
04-26-2010,23.53,23.70,22.93,22.98,197203
04-27-2010,22.77,23.27,21.87,21.89,423447
04-28-2010,21.99,22.48,21.76,22.18,203450
04-29-2010,22.33,22.92,22.24,22.84,175058
04-30-2010,22.92,22.92,22.09,22.10,246019
05-03-2010,22.29,22.46,21.93,22.13,301626
05-04-2010,21.96,22.08,21.33,21.33,305327
05-05-2010,21.41,22.68,21.31,21.32,482423
05-06-2010,21.31,21.66,20.46,20.67,274101
05-07-2010,20.67,21.17,20.46,20.52,245293
05-10-2010,23.40,23.40,21.09,21.53,239784
05-11-2010,21.28,21.70,21.05,21.52,212256
05-12-2010,21.50,21.75,21.38,21.67,195672
05-13-2010,21.54,21.62,21.23,21.30,173832
05-14-2010,21.13,21.26,20.99,21.21,149105
05-17-2010,21.39,21.80,21.07,21.36,151558
05-18-2010,21.63,21.78,21.02,21.05,120100
05-19-2010,21.05,21.44,21.01,21.12,141564
05-20-2010,20.67,20.77,20.18,20.22,204203
05-21-2010,19.93,21.28,19.81,20.47,272867
05-24-2010,20.35,20.39,19.81,19.96,216421
05-25-2010,19.55,19.95,19.16,19.90,176970
05-26-2010,19.99,20.24,19.87,19.90,218370
05-27-2010,20.37,20.62,20.00,20.59,162307
05-28-2010,20.56,20.57,20.26,20.35,207451
06-01-2010,20.08,20.27,19.76,19.77,202877
06-02-2010,19.97,20.28,19.89,20.20,220123
06-03-2010,20.11,20.37,20.11,20.35,176660
06-04-2010,19.91,20.24,19.71,19.75,230324
06-07-2010,19.83,19.93,19.57,19.60,154782
06-08-2010,19.74,19.75,19.34,19.71,137154
06-09-2010,19.93,19.93,19.55,19.69,146673
06-10-2010,20.04,20.20,19.87,20.14,131260
06-11-2010,19.88,20.38,19.83,20.38,77592
06-14-2010,20.59,20.59,20.19,20.22,259118
06-15-2010,20.45,21.15,20.36,21.10,152435
06-16-2010,20.91,21.54,20.74,21.52,183399
06-17-2010,21.60,21.76,21.39,21.56,121020
06-18-2010,21.68,22.28,21.44,22.20,570050
06-21-2010,22.38,22.39,21.88,21.93,195483
06-22-2010,21.97,22.37,21.91,21.97,164271
06-23-2010,21.90,22.18,21.69,21.72,130565
06-24-2010,21.52,21.77,21.03,21.07,188668
06-25-2010,21.11,21.44,20.86,21.43,437440
06-28-2010,21.40,21.59,21.33,21.44,108397
06-29-2010,21.07,21.50,20.82,20.93,202613
06-30-2010,20.87,21.07,20.58,20.59,191504
07-01-2010,20.66,20.86,20.14,20.30,158732
07-02-2010,20.41,20.41,19.96,20.09,119918
07-06-2010,20.37,20.41,19.54,19.58,188644
07-07-2010,19.71,20.28,19.69,20.26,175613
07-08-2010,20.45,20.67,20.01,20.67,117622
07-09-2010,20.59,21.07,20.59,21.06,83566
07-12-2010,21.11,21.11,20.69,20.71,63795
07-13-2010,21.04,21.31,20.86,21.27,119761
07-14-2010,21.13,21.31,20.91,21.02,77663
07-15-2010,20.94,20.94,20.47,20.69,111564
07-16-2010,20.51,20.51,19.73,19.78,237127
07-19-2010,19.81,19.81,19.52,19.73,92564
07-20-2010,19.52,20.18,19.52,19.86,121081
07-21-2010,20.06,20.31,19.55,19.55,107197
07-22-2010,19.89,20.39,19.87,20.35,155841
07-23-2010,20.25,20.98,20.25,20.83,117430
07-26-2010,20.90,21.19,20.82,21.05,170279
07-27-2010,21.27,21.58,20.98,21.40,131822
07-28-2010,21.33,21.35,21.07,21.10,116135
07-29-2010,21.27,21.33,20.96,21.08,116273
07-30-2010,20.83,21.41,20.83,20.96,180272
08-02-2010,21.28,21.28,20.67,21.02,128840
08-03-2010,20.86,21.67,20.56,21.11,155679
08-04-2010,21.17,21.27,20.80,20.95,109358
08-05-2010,20.74,20.96,20.64,20.73,59878
08-06-2010,20.47,20.57,20.02,20.55,123630
08-09-2010,20.72,21.05,20.47,20.98,160165
08-10-2010,20.68,20.74,20.33,20.38,107883
08-11-2010,20.15,20.15,19.73,19.78,191485
08-12-2010,19.45,19.72,19.36,19.64,122276
08-13-2010,19.53,19.72,19.43,19.46,166019
08-16-2010,19.42,19.89,19.37,19.69,173003
08-17-2010,19.85,20.50,19.79,20.14,216993
08-18-2010,20.11,20.45,19.99,20.23,191425
08-19-2010,20.20,20.20,19.70,19.72,178903
08-20-2010,19.60,19.75,19.40,19.72,187715
08-23-2010,19.79,19.85,19.66,19.68,164303
08-24-2010,19.38,20.06,19.38,19.87,272838
08-25-2010,19.77,20.20,19.71,20.18,200026
08-26-2010,20.21,20.53,20.21,20.27,155207
08-27-2010,20.55,20.80,20.20,20.78,252234
08-30-2010,20.73,20.73,20.28,20.41,170006
08-31-2010,20.45,20.72,19.98,20.59,247083
09-01-2010,20.91,21.35,20.86,21.34,302703
09-02-2010,21.38,21.38,20.94,21.10,155905
09-03-2010,21.42,21.48,21.19,21.43,245123
09-07-2010,21.40,21.74,21.26,21.50,222655
09-08-2010,21.50,21.77,21.44,21.65,292593
09-09-2010,21.90,22.10,21.77,22.07,190470
09-10-2010,22.07,22.20,21.84,21.97,168786
09-13-2010,22.27,22.46,21.92,22.35,346575
09-14-2010,22.34,22.41,22.23,22.28,152636
09-15-2010,22.24,22.45,22.06,22.36,197112
09-16-2010,22.36,22.58,22.26,22.43,109499
09-17-2010,22.68,23.18,22.26,22.43,283730
09-20-2010,22.47,23.10,22.32,23.08,279129
09-21-2010,23.09,23.34,22.87,22.88,207415
09-22-2010,22.72,22.99,22.39,22.47,156228
09-23-2010,22.25,22.37,22.00,22.00,175814
09-24-2010,22.36,22.90,22.24,22.84,231982
09-27-2010,22.84,22.86,22.55,22.65,122366
09-28-2010,22.78,22.89,22.51,22.86,192796
09-29-2010,22.70,23.21,22.70,23.15,164317
09-30-2010,23.39,23.71,23.31,23.48,202113
10-01-2010,23.73,23.92,23.26,23.39,142700
10-04-2010,23.32,23.51,22.82,23.05,142254
10-05-2010,23.34,23.67,23.04,23.59,184103
10-06-2010,23.49,23.68,23.45,23.51,169381
10-07-2010,23.73,23.74,22.97,23.11,170789
10-08-2010,23.18,23.38,23.13,23.22,188768
10-11-2010,23.26,23.59,23.23,23.24,143517
10-12-2010,23.24,23.43,23.03,23.28,125877
10-13-2010,23.34,23.76,23.24,23.63,174265
10-14-2010,23.56,24.01,23.56,24.00,124850
10-15-2010,24.29,24.33,23.95,24.07,191564
10-18-2010,24.07,24.36,24.00,24.36,82684
10-19-2010,23.97,24.38,23.70,23.84,113628
10-20-2010,23.97,24.30,23.88,24.25,82994
10-21-2010,24.33,24.53,24.00,24.32,143968
10-22-2010,24.43,24.43,24.09,24.16,97022
10-25-2010,24.30,24.31,24.01,24.07,121020
10-26-2010,23.86,24.24,23.82,24.03,80908
10-27-2010,23.95,23.98,23.47,23.64,194815
10-28-2010,23.84,23.87,23.40,23.57,108839
10-29-2010,23.65,23.66,23.44,23.45,156525
11-01-2010,23.60,23.91,23.07,23.30,170608
11-02-2010,23.61,23.87,23.33,23.86,228220
11-03-2010,23.95,24.03,23.41,23.55,147142
11-04-2010,23.84,24.67,23.84,24.66,160980
11-05-2010,24.76,24.76,24.40,24.55,147758
11-08-2010,24.58,24.58,24.00,24.24,83299
11-09-2010,24.28,24.30,23.84,23.88,65112
11-10-2010,23.95,24.24,23.69,24.21,75846
11-11-2010,23.92,24.23,23.86,24.03,42727
11-12-2010,23.71,24.09,23.43,23.91,75480
11-15-2010,24.07,24.20,23.71,24.08,128905
11-16-2010,23.88,24.00,23.34,23.52,125202
11-17-2010,23.62,23.82,23.44,23.71,107977
11-18-2010,23.97,24.55,23.90,24.32,144737
11-19-2010,24.34,24.71,24.17,24.55,128669
11-22-2010,24.74,25.28,24.60,25.01,431175
11-23-2010,25.00,25.00,24.50,24.74,239566
11-24-2010,25.05,25.53,25.00,25.53,150473
11-26-2010,25.35,25.68,25.35,25.43,118782
11-29-2010,25.28,25.66,25.28,25.34,185657
11-30-2010,25.07,25.14,24.77,25.01,280605
12-01-2010,25.50,25.70,25.19,25.44,243586
12-02-2010,25.39,25.74,25.32,25.71,162464
12-03-2010,25.55,25.89,25.45,25.78,140624
12-06-2010,25.70,26.25,25.43,26.10,140887
12-07-2010,26.34,26.64,26.15,26.24,177237
12-08-2010,26.35,26.90,26.23,26.82,201698
12-09-2010,26.92,27.19,26.66,26.98,194643
12-10-2010,26.89,27.22,26.77,27.15,186112
12-13-2010,27.12,27.12,26.56,26.57,213846
12-14-2010,26.72,26.72,26.26,26.35,194269
12-15-2010,26.24,26.58,26.12,26.17,238928
12-16-2010,26.15,26.61,26.06,26.42,222728
12-17-2010,26.34,26.34,25.85,25.87,295711
12-20-2010,25.94,26.04,25.81,25.86,141847
12-21-2010,26.04,26.04,25.86,25.91,95211
12-22-2010,25.99,26.12,25.93,26.05,116437
12-23-2010,26.03,26.06,25.81,25.86,84380
12-27-2010,25.79,25.87,25.76,25.83,99364
12-28-2010,25.76,25.91,25.64,25.81,92652
12-29-2010,25.76,25.80,25.60,25.73,59985
12-30-2010,25.73,25.81,25.65,25.66,94304
12-31-2010,25.60,25.75,25.39,25.39,101983
01-03-2011,25.60,25.79,24.70,25.64,192583
01-04-2011,25.76,25.87,25.01,25.20,170976
01-05-2011,25.20,25.34,24.94,25.06,162104
01-06-2011,25.09,25.13,24.70,24.75,154191
01-07-2011,24.78,24.88,24.21,24.47,152180
01-10-2011,24.28,24.77,24.21,24.69,139216
01-11-2011,24.73,24.88,24.55,24.78,114713
01-12-2011,24.90,25.10,24.74,24.94,210174
01-13-2011,23.73,25.13,23.73,24.76,157196
01-14-2011,24.69,24.87,24.36,24.83,129575
01-18-2011,24.71,24.96,24.61,24.77,143469
01-19-2011,24.69,24.86,24.27,24.33,148766
01-20-2011,24.20,24.65,23.73,24.53,172744
01-21-2011,24.65,24.67,24.38,24.50,145526
01-24-2011,24.46,24.80,24.44,24.70,109985
01-25-2011,24.56,24.97,24.55,24.94,104303
01-26-2011,24.99,25.32,24.79,25.01,203274
01-27-2011,24.94,25.03,24.72,24.88,103047
01-28-2011,24.82,24.82,23.95,24.16,199761
01-31-2011,24.25,24.33,23.89,24.15,165511
02-01-2011,24.29,24.88,24.16,24.79,227039
02-02-2011,24.67,24.85,24.66,24.77,61783
02-03-2011,24.76,24.84,24.50,24.63,86292
02-04-2011,24.57,24.64,24.41,24.44,104531
02-07-2011,24.38,24.75,24.30,24.66,99599
02-08-2011,24.61,24.78,24.48,24.76,97224
02-09-2011,24.59,24.77,24.40,24.69,80531
02-10-2011,24.46,24.75,24.35,24.52,108019
02-11-2011,24.42,24.71,24.35,24.68,103283
02-14-2011,24.59,24.71,24.41,24.68,135288
02-15-2011,24.58,24.76,24.58,24.65,106998
02-16-2011,24.68,24.76,24.42,24.61,133412
02-17-2011,24.58,25.01,24.48,24.98,251784
02-18-2011,25.17,26.53,24.86,26.10,393674
02-22-2011,25.78,26.73,25.75,26.44,282830
02-23-2011,26.56,27.10,26.00,26.14,373570
02-24-2011,26.04,26.13,25.51,25.69,161727
02-25-2011,25.74,26.13,25.48,26.08,111179
02-28-2011,26.14,26.23,25.82,25.91,129059
03-01-2011,25.97,26.07,25.53,25.55,265085
03-02-2011,25.52,25.53,24.94,24.96,113698
03-03-2011,25.19,25.45,24.90,24.99,158143
03-04-2011,24.98,24.98,24.17,24.38,199893
03-07-2011,24.38,24.65,23.40,23.49,240895
03-08-2011,23.47,24.13,22.33,24.00,386507
03-09-2011,24.00,24.09,23.51,23.83,351823
03-10-2011,23.39,23.51,22.76,23.11,409007
03-11-2011,23.08,23.12,22.52,22.74,153683
03-14-2011,22.49,22.62,22.09,22.45,114297
03-15-2011,21.81,22.14,20.57,22.11,248372
03-16-2011,21.97,22.15,21.66,21.92,556909
03-17-2011,22.18,22.18,21.70,21.75,116955
03-18-2011,21.95,22.16,21.35,21.48,324181
03-21-2011,21.70,22.25,21.51,22.22,287406
03-22-2011,22.25,22.25,21.96,22.00,119750
03-23-2011,21.89,22.10,21.68,22.00,134024
03-24-2011,22.04,22.10,21.76,21.96,116196
03-25-2011,22.03,22.30,21.78,21.79,131050
03-28-2011,21.86,21.92,21.72,21.77,108453
03-29-2011,21.79,22.02,21.72,21.97,64782
03-30-2011,21.98,22.37,21.89,22.36,142574
03-31-2011,22.38,22.64,22.31,22.47,557410
04-01-2011,22.53,22.53,22.00,22.18,159072
04-04-2011,22.27,22.27,22.06,22.12,101397
04-05-2011,22.06,22.24,21.98,22.18,195938
04-06-2011,22.17,22.28,22.15,22.20,71353
04-07-2011,22.25,22.31,21.98,22.17,135363
04-08-2011,22.36,22.54,21.65,21.68,124349
04-11-2011,21.63,21.82,21.49,21.49,83662
04-12-2011,21.39,21.72,21.39,21.53,94916
04-13-2011,21.65,21.80,21.15,21.27,302475
04-14-2011,21.15,21.38,21.09,21.32,112198
04-15-2011,21.23,21.57,21.23,21.51,183619
04-18-2011,21.36,21.62,21.23,21.60,171479
04-19-2011,21.63,21.63,21.01,21.06,246826
04-20-2011,21.28,21.44,21.11,21.19,148280
04-21-2011,21.33,21.34,21.13,21.32,154549
04-25-2011,21.22,21.35,21.17,21.29,115429
04-26-2011,21.30,21.64,21.30,21.54,95585
04-27-2011,21.62,21.66,21.32,21.49,104566
04-28-2011,21.42,21.83,21.42,21.83,59466
04-29-2011,21.88,21.91,21.35,21.36,111886
05-02-2011,21.52,21.61,21.04,21.08,191761
05-03-2011,21.12,21.24,20.31,20.92,292941
05-04-2011,20.85,20.92,20.53,20.64,102040
05-05-2011,20.55,20.94,20.41,20.68,110880
05-06-2011,20.87,21.26,20.74,21.00,255593
05-09-2011,20.91,20.95,20.69,20.81,269651
05-10-2011,20.87,21.19,20.87,21.13,112401
05-11-2011,21.07,21.26,20.83,21.10,262241
05-12-2011,21.00,21.19,20.65,21.17,203446
05-13-2011,21.19,21.19,20.30,20.48,186790
05-16-2011,20.36,20.51,20.31,20.38,131733
05-17-2011,20.28,20.44,20.14,20.17,107552
05-18-2011,20.19,20.35,20.12,20.33,89721
05-19-2011,20.43,20.56,20.13,20.31,84027
05-20-2011,20.19,20.62,20.19,20.43,184791
05-23-2011,20.18,20.65,20.04,20.06,140451
05-24-2011,20.10,20.20,19.58,19.58,187259
05-25-2011,19.53,19.81,19.53,19.67,90595
05-26-2011,19.60,19.78,19.40,19.68,191356
05-27-2011,19.81,19.98,19.71,19.94,151427
05-31-2011,20.07,20.21,19.96,20.18,213060
06-01-2011,20.18,20.35,20.04,20.20,254975
06-02-2011,20.20,20.34,20.15,20.21,119248
06-03-2011,19.93,20.26,19.93,20.22,206609
06-06-2011,20.17,20.42,20.07,20.31,180005
06-07-2011,20.42,20.56,20.31,20.49,167792
06-08-2011,20.32,20.66,20.30,20.49,260845
06-09-2011,20.04,20.51,20.04,20.33,91897
06-10-2011,20.22,20.38,20.09,20.16,358875
06-13-2011,20.21,20.67,20.05,20.50,201599
06-14-2011,20.65,20.74,20.39,20.60,164893
06-15-2011,20.42,20.63,20.26,20.42,249293
06-16-2011,20.37,20.69,20.26,20.61,275971
06-17-2011,20.76,20.96,20.49,20.60,288046
06-20-2011,20.53,20.69,20.28,20.50,161338
06-21-2011,20.61,20.66,20.00,20.07,353298
06-22-2011,19.93,20.07,19.77,19.80,178300
06-23-2011,19.66,19.75,19.32,19.58,244073
06-24-2011,19.62,19.68,19.37,19.40,397048
06-27-2011,19.42,19.81,19.19,19.77,160913
06-28-2011,19.77,19.93,19.50,19.93,104066
06-29-2011,19.99,20.11,19.92,20.07,87048
06-30-2011,20.10,20.37,20.10,20.30,123805
07-01-2011,20.35,20.51,20.27,20.44,110632
07-05-2011,20.42,20.42,20.20,20.37,102389
07-06-2011,20.31,20.57,20.21,20.57,95040
07-07-2011,20.63,20.89,20.52,20.71,122783
07-08-2011,20.48,20.57,20.31,20.45,82019
07-11-2011,20.24,20.46,20.18,20.33,115367
07-12-2011,20.20,20.56,20.13,20.38,111040
07-13-2011,20.42,20.59,20.18,20.41,163715
07-14-2011,20.39,20.54,20.22,20.26,210757
07-15-2011,20.28,20.40,20.13,20.32,144173
07-18-2011,20.24,20.33,20.03,20.18,143834
07-19-2011,20.26,20.64,19.96,20.47,98691
07-20-2011,20.49,20.49,19.89,20.30,65827
07-21-2011,20.37,20.68,20.24,20.57,81239
07-22-2011,20.57,20.63,20.32,20.38,44150
07-25-2011,20.20,20.48,20.20,20.37,136523
07-26-2011,20.37,20.61,20.31,20.35,123402
07-27-2011,20.26,20.29,19.98,20.05,189675
07-28-2011,20.14,20.35,20.05,20.09,231060
07-29-2011,19.94,20.16,19.87,20.08,120865
08-01-2011,20.21,20.33,20.08,20.26,152021
08-02-2011,20.15,20.39,19.92,19.94,131646
08-03-2011,19.95,20.16,19.81,20.02,110075
08-04-2011,19.85,20.11,19.74,19.76,221316
08-05-2011,19.98,20.46,18.95,19.86,442354
08-08-2011,19.13,19.73,18.27,18.28,521253
08-09-2011,18.61,19.53,17.09,19.49,314065
08-10-2011,19.07,19.38,18.72,18.79,323255
08-11-2011,18.92,19.77,18.76,19.56,221555
08-12-2011,19.62,19.79,18.87,18.99,136562
08-15-2011,19.06,19.18,18.76,19.14,126308
08-16-2011,18.93,19.17,18.76,19.02,350206
08-17-2011,19.06,19.39,19.00,19.32,129319
08-18-2011,18.98,19.57,18.75,19.17,281201
08-19-2011,18.88,19.26,18.88,18.98,222021
08-22-2011,19.44,19.70,18.50,18.75,111025
08-23-2011,18.80,18.95,18.34,18.83,227786
08-24-2011,18.82,19.35,18.72,18.97,97266
08-25-2011,19.08,19.27,18.06,18.21,194320
08-26-2011,18.08,18.38,17.70,18.16,140648
08-29-2011,18.35,19.01,18.35,18.92,123473
08-30-2011,18.80,19.04,18.54,18.91,116331
08-31-2011,19.01,19.02,18.73,18.87,138175
09-01-2011,18.85,18.98,18.37,18.40,110127
09-02-2011,18.10,18.32,17.59,17.79,153390
09-06-2011,17.36,17.53,17.07,17.47,242997
09-07-2011,17.72,18.32,17.68,18.16,253873
09-08-2011,18.09,18.27,17.84,18.06,167303
09-09-2011,17.89,17.89,17.57,17.76,163126
09-12-2011,17.52,17.91,17.44,17.88,152614
09-13-2011,17.90,18.45,17.75,18.38,162188
09-14-2011,18.54,18.93,18.29,18.67,159741
09-15-2011,18.79,19.27,18.65,19.21,121339
09-16-2011,19.34,19.34,18.92,19.06,273921
09-19-2011,18.78,19.02,18.65,18.80,104003
09-20-2011,18.83,19.26,18.83,18.99,134379
09-21-2011,19.02,20.05,18.66,18.71,230164
09-22-2011,18.29,18.92,18.29,18.62,650281
09-23-2011,18.62,18.87,18.62,18.75,298770
09-26-2011,18.95,19.50,18.80,19.48,138226
09-27-2011,19.78,20.12,19.58,19.88,177336
09-28-2011,19.93,20.05,19.26,19.26,157711
09-29-2011,19.65,20.17,19.39,19.92,190810
09-30-2011,19.67,20.13,19.44,19.46,186004
10-03-2011,19.32,19.63,18.55,18.56,244377
10-04-2011,18.49,20.03,18.49,20.00,306460
10-05-2011,19.98,20.39,19.70,20.22,99138
10-06-2011,20.14,20.44,20.02,20.24,123764
10-07-2011,20.34,20.34,19.42,19.52,112638
10-10-2011,19.69,20.17,19.69,20.17,121605
10-11-2011,20.02,20.41,20.02,20.35,77379
10-12-2011,20.52,20.53,20.19,20.36,165069
10-13-2011,20.22,20.31,19.93,20.17,46586
10-14-2011,20.33,20.42,19.79,20.39,85120
10-17-2011,20.20,20.41,20.11,20.13,137894
10-18-2011,20.22,20.72,20.22,20.65,145615
10-19-2011,20.58,21.14,20.48,20.55,138261
10-20-2011,20.57,20.79,20.24,20.57,89668
10-21-2011,20.92,21.01,20.73,20.92,176289
10-24-2011,20.94,21.14,20.85,20.93,174041
10-25-2011,20.83,20.83,20.28,20.33,170535
10-26-2011,20.59,20.73,20.37,20.58,167763
10-27-2011,21.52,21.52,20.92,21.12,444155
10-28-2011,21.06,21.36,20.89,20.91,283775
10-31-2011,20.50,20.96,20.50,20.71,109825
11-01-2011,20.13,20.33,19.67,19.82,135395
11-02-2011,20.15,20.37,20.09,20.30,210622
11-03-2011,20.30,20.72,20.16,20.58,115359
11-04-2011,20.50,21.67,20.48,21.30,411224
11-07-2011,21.23,21.29,20.66,21.09,314002
11-08-2011,21.19,21.46,21.06,21.07,192258
11-09-2011,20.64,20.86,20.15,20.48,171829
11-10-2011,20.65,20.80,20.54,20.70,221841
11-11-2011,20.83,21.08,20.76,20.95,279238
11-14-2011,20.81,20.87,20.42,20.61,183872
11-15-2011,20.50,20.70,20.31,20.56,164016
11-16-2011,20.37,20.84,20.24,20.47,106515
11-17-2011,20.45,20.62,20.06,20.09,102935
11-18-2011,20.04,20.44,20.02,20.38,117713
11-21-2011,20.08,20.37,19.76,19.78,125033
11-22-2011,19.78,19.93,19.56,19.71,118122
11-23-2011,19.56,19.65,19.23,19.23,139331
11-25-2011,19.22,19.49,19.07,19.07,40439
11-28-2011,19.57,19.57,19.04,19.42,266130
11-29-2011,19.44,19.65,19.38,19.43,121067
11-30-2011,20.04,20.36,19.62,20.18,409294
12-01-2011,20.14,20.21,19.96,19.97,112716
12-02-2011,20.20,20.31,19.93,19.96,86957
12-05-2011,20.21,20.21,19.88,20.05,206226
12-06-2011,20.03,20.47,20.03,20.27,326352
12-07-2011,20.05,20.45,20.03,20.38,191988
12-08-2011,20.25,20.27,20.08,20.15,156588
12-09-2011,20.23,21.57,20.09,20.36,143523
12-12-2011,20.14,20.16,19.94,20.05,95885
12-13-2011,20.23,20.23,19.87,19.97,154940
12-14-2011,19.79,20.08,19.41,19.43,211105
12-15-2011,19.70,19.90,19.49,19.67,111650
12-16-2011,19.82,20.02,19.72,19.82,242131
12-19-2011,19.93,20.16,19.43,19.46,102488
12-20-2011,19.71,19.78,19.45,19.74,129169
12-21-2011,19.77,19.99,19.67,19.91,89627
12-22-2011,20.02,20.07,19.85,19.98,74171
12-23-2011,20.05,20.27,19.97,20.22,32427
12-27-2011,20.14,20.25,19.92,20.14,67109
12-28-2011,19.92,20.04,19.87,19.92,75008
12-29-2011,19.98,20.08,19.93,19.98,103725
12-30-2011,19.96,20.12,19.88,19.95,105456
01-03-2012,20.34,20.34,20.04,20.14,151438
01-04-2012,20.02,20.35,19.90,20.01,76100
01-05-2012,19.85,19.98,19.64,19.93,65278
01-06-2012,19.88,19.92,19.45,19.51,145366
01-09-2012,19.60,19.70,19.39,19.65,102662
01-10-2012,19.87,20.19,19.73,20.09,77047
01-11-2012,19.98,20.27,19.96,20.22,66472
01-12-2012,20.34,20.36,20.15,20.25,54771
01-13-2012,19.93,20.10,19.85,19.97,83348
01-17-2012,20.03,20.12,19.74,19.87,129816
01-18-2012,19.76,19.93,18.55,19.70,135321
01-19-2012,19.71,19.88,19.28,19.36,194551
01-20-2012,19.29,19.71,19.29,19.60,331794
01-23-2012,19.56,19.57,19.32,19.46,114365
01-24-2012,19.28,19.41,19.27,19.32,116497
01-25-2012,19.30,19.60,19.30,19.55,76458
01-26-2012,19.55,19.74,19.47,19.74,63625
01-27-2012,19.63,19.77,19.61,19.76,69522
01-30-2012,19.65,19.81,19.48,19.71,60848
01-31-2012,19.85,19.96,19.56,19.85,75609
02-01-2012,19.93,20.51,19.85,20.40,133112
02-02-2012,20.40,20.50,20.36,20.43,85307
02-03-2012,20.74,20.94,20.59,20.84,174210
02-06-2012,20.69,20.92,20.68,20.88,74430
02-07-2012,20.80,21.05,20.80,20.85,62652
02-08-2012,20.86,21.09,20.72,20.87,84117
02-09-2012,20.91,20.92,20.69,20.80,36628
02-10-2012,20.59,20.72,20.53,20.64,64886
02-13-2012,20.85,21.01,20.64,20.81,62732
02-14-2012,20.76,20.76,20.26,20.65,80526
02-15-2012,20.74,20.74,20.18,20.19,131905
02-16-2012,20.23,20.57,20.07,20.51,115186
02-17-2012,20.56,20.69,20.48,20.58,100448
02-21-2012,20.53,21.00,20.51,20.70,187104
02-22-2012,20.69,20.76,20.04,20.06,58664
02-23-2012,20.09,20.43,20.09,20.43,107425
02-24-2012,20.32,20.57,20.17,20.55,123516
02-27-2012,20.41,20.72,20.25,20.66,60899
02-28-2012,20.69,20.87,20.60,20.69,127563
02-29-2012,20.75,20.94,20.60,20.65,148978
03-01-2012,20.74,20.78,20.02,20.04,124243
03-02-2012,20.07,20.07,19.18,19.29,168258
03-05-2012,19.19,19.55,19.03,19.53,153765
03-06-2012,19.54,19.67,19.54,19.57,179077
03-07-2012,19.60,19.73,19.55,19.61,71408
03-08-2012,19.64,19.84,19.54,19.63,61549
03-09-2012,19.62,20.39,19.62,20.32,135803
03-12-2012,20.35,20.36,20.18,20.25,57998
03-13-2012,20.42,20.53,20.31,20.42,116745
03-14-2012,20.40,20.51,20.24,20.33,59741
03-15-2012,20.39,20.56,20.25,20.51,56496
03-16-2012,20.60,20.69,20.42,20.47,188522
03-19-2012,20.51,20.72,20.44,20.59,83544
03-20-2012,20.45,20.67,20.45,20.52,63071
03-21-2012,20.60,20.72,20.45,20.55,105715
03-22-2012,20.38,20.68,20.31,20.61,155580
03-23-2012,20.65,20.65,20.48,20.61,118207
03-26-2012,20.83,20.89,20.76,20.86,177296
03-27-2012,20.93,21.11,20.76,20.82,122434
03-28-2012,20.85,21.09,20.83,20.94,122836
03-29-2012,20.88,21.17,20.78,20.90,249936
03-30-2012,21.05,21.05,20.66,20.66,122074
04-02-2012,20.57,20.97,20.54,20.85,129112
04-03-2012,20.80,20.82,20.45,20.52,133856
04-04-2012,20.38,20.49,20.32,20.35,92481
04-05-2012,20.23,20.46,20.23,20.39,52606
04-09-2012,20.04,20.15,19.99,20.03,74195
04-10-2012,20.02,20.02,19.71,19.73,119407
04-11-2012,20.00,20.00,19.66,19.86,76632
04-12-2012,19.84,19.88,19.68,19.69,167189
04-13-2012,19.68,19.74,19.54,19.54,152434
04-16-2012,19.58,19.89,19.55,19.84,108970
04-17-2012,20.02,20.15,19.89,19.97,133634
04-18-2012,19.91,19.91,19.58,19.62,72737
04-19-2012,19.60,19.82,19.55,19.57,79256
04-20-2012,19.94,20.04,19.66,19.67,123122
04-23-2012,19.54,19.62,19.54,19.55,110447
04-24-2012,19.54,19.77,19.54,19.74,62446
04-25-2012,19.92,20.00,19.74,19.90,72684
04-26-2012,19.80,20.16,19.80,20.09,76290
04-27-2012,20.07,20.18,19.84,20.12,78067
04-30-2012,20.06,20.28,19.92,19.96,128804
05-01-2012,19.92,20.22,19.91,19.95,113557
05-02-2012,19.77,20.12,19.65,20.02,92119
05-03-2012,19.94,20.22,19.94,20.08,146394
05-04-2012,20.00,20.13,19.91,19.97,164400
05-07-2012,19.90,20.20,19.90,20.06,148190
05-08-2012,19.89,20.34,19.85,20.16,162298
05-09-2012,20.02,20.06,19.82,19.95,175935
05-10-2012,20.02,20.08,19.95,20.02,105221
05-11-2012,19.82,19.93,19.67,19.75,73858
05-14-2012,19.54,19.77,19.54,19.70,108405
05-15-2012,19.64,19.91,19.64,19.83,125005
05-16-2012,19.84,20.08,19.84,19.93,129310
05-17-2012,19.91,20.02,19.80,19.82,115412
05-18-2012,19.75,19.75,19.56,19.57,113034
05-21-2012,19.60,19.77,19.44,19.57,111529
05-22-2012,19.54,19.65,19.33,19.39,133135
05-23-2012,19.21,19.44,19.01,19.28,135886
05-24-2012,19.32,19.40,19.02,19.40,144536
05-25-2012,19.44,20.00,19.42,19.93,211216
05-29-2012,20.02,20.13,19.82,19.92,328767
05-30-2012,19.82,19.97,19.30,19.32,205245
05-31-2012,19.34,19.51,19.10,19.43,379463
06-01-2012,19.17,19.37,19.04,19.18,197618
06-04-2012,19.26,19.58,19.17,19.44,202485
06-05-2012,19.33,19.70,19.33,19.68,88689
06-06-2012,19.71,20.22,19.71,20.18,120661
06-07-2012,20.38,20.84,20.11,20.14,109600
06-08-2012,20.10,20.31,19.91,20.22,52562
06-11-2012,20.43,20.43,19.86,19.86,90200
06-12-2012,19.95,19.95,19.65,19.83,53855
06-13-2012,19.82,19.91,19.56,19.64,109895
06-14-2012,19.68,19.88,19.65,19.84,45217
06-15-2012,19.79,20.06,19.67,20.00,339992
06-18-2012,19.89,20.82,19.79,19.82,111372
06-19-2012,19.83,19.90,19.67,19.80,542939
06-20-2012,19.76,19.82,19.52,19.59,157112
06-21-2012,19.54,19.66,19.36,19.41,75517
06-22-2012,19.49,19.79,19.43,19.59,207373
06-25-2012,19.40,19.46,19.25,19.25,49289
06-26-2012,19.26,19.43,19.17,19.28,79211
06-27-2012,19.27,19.79,19.23,19.75,75240
06-28-2012,19.67,19.73,19.45,19.70,55626
06-29-2012,20.05,20.37,19.51,20.33,100606
07-02-2012,20.41,21.00,20.41,21.00,109971
07-03-2012,21.07,21.36,20.98,21.34,59700
07-05-2012,21.33,21.43,21.06,21.07,69276
07-06-2012,20.84,21.27,20.78,21.11,59124
07-09-2012,21.19,21.41,21.12,21.25,60717
07-10-2012,21.30,21.39,21.23,21.30,60221
07-11-2012,21.32,21.47,21.27,21.34,74476
07-12-2012,21.23,21.25,20.98,21.19,74684
07-13-2012,21.22,21.52,21.16,21.39,80321
07-16-2012,21.35,21.43,21.29,21.31,42002
07-17-2012,21.43,21.48,21.08,21.39,66139
07-18-2012,21.34,21.37,20.99,21.03,105038
07-19-2012,21.05,21.53,20.68,20.78,61550
07-20-2012,20.78,20.78,20.52,20.57,89495
07-23-2012,20.32,20.51,20.10,20.34,53884
07-24-2012,20.45,20.45,19.87,19.99,75618
07-25-2012,20.11,20.28,20.01,20.16,46044
07-26-2012,20.41,20.42,20.14,20.20,69801
07-27-2012,20.32,21.02,20.28,20.93,102247
07-30-2012,20.97,21.17,20.94,20.99,47110
07-31-2012,20.86,20.86,20.41,20.43,95078
08-01-2012,20.46,20.65,19.95,19.95,136259
08-02-2012,19.86,20.27,19.86,20.12,64574
08-03-2012,20.24,21.07,20.24,20.93,83579
08-06-2012,20.92,21.39,20.92,21.23,64516
08-07-2012,21.28,21.77,20.59,21.60,76440
08-08-2012,21.55,21.77,21.55,21.75,80568
08-09-2012,21.77,21.77,21.69,21.77,79555
08-10-2012,21.70,21.70,21.53,21.70,90404
08-13-2012,21.64,21.77,21.27,21.43,52710
08-14-2012,21.45,21.53,21.02,21.14,74963
08-15-2012,21.05,21.30,21.02,21.26,53930
08-16-2012,21.18,21.19,20.69,21.07,132638
08-17-2012,20.97,21.36,20.97,21.31,97299
08-20-2012,21.65,21.66,21.30,21.48,103481
08-21-2012,21.52,21.78,21.36,21.64,103247
08-22-2012,21.58,21.73,21.44,21.51,81536
08-23-2012,21.52,21.52,20.89,20.95,73611
08-24-2012,20.85,21.00,20.68,20.73,76039
08-27-2012,20.81,20.84,20.61,20.65,59732
08-28-2012,20.60,20.97,20.60,20.89,84184
08-29-2012,20.96,20.96,20.73,20.82,71484
08-30-2012,20.78,20.91,20.50,20.73,62001
08-31-2012,20.88,20.88,20.31,20.61,363237
09-04-2012,20.64,21.23,20.27,21.20,98591
09-05-2012,21.32,21.37,20.96,21.35,105985
09-06-2012,21.49,21.83,21.35,21.83,120375
09-07-2012,21.86,21.89,21.64,21.82,136122
09-10-2012,21.83,21.86,21.77,21.77,57123
09-11-2012,21.62,21.87,21.49,21.81,127970
09-12-2012,21.80,21.86,21.61,21.76,53638
09-13-2012,21.73,21.87,21.68,21.84,90480
09-14-2012,21.86,21.89,21.80,21.86,146137
09-17-2012,21.80,21.86,21.58,21.85,284702
09-18-2012,21.76,21.97,21.75,21.96,116735
09-19-2012,21.93,21.98,21.79,21.95,132965
09-20-2012,21.90,22.04,21.72,21.98,67252
09-21-2012,22.30,22.30,21.85,22.18,386958
09-24-2012,22.11,22.64,22.05,22.58,164985
09-25-2012,22.74,22.87,22.28,22.31,105225
09-26-2012,22.40,22.52,22.28,22.34,66985
09-27-2012,22.39,22.73,22.30,22.67,153691
09-28-2012,22.55,22.68,22.37,22.59,130700
10-01-2012,22.72,23.19,22.72,23.15,153401
10-02-2012,23.18,23.19,22.93,23.14,180844
10-03-2012,23.19,23.19,22.85,22.88,56077
10-04-2012,22.92,23.15,22.82,23.15,69075
10-05-2012,23.17,23.29,23.03,23.10,64702
10-08-2012,23.05,23.24,22.90,23.21,109758
10-09-2012,23.26,23.36,23.08,23.29,106941
10-10-2012,23.36,23.45,23.31,23.36,98703
10-11-2012,23.36,23.54,23.27,23.35,68649
10-12-2012,23.33,23.39,23.12,23.19,39396
10-15-2012,23.30,23.43,23.09,23.28,121235
10-16-2012,23.44,23.71,23.41,23.70,182314
10-17-2012,23.71,23.79,23.59,23.78,142407
10-18-2012,23.74,23.95,23.66,23.81,186881
10-19-2012,23.63,23.69,23.49,23.61,132908
10-22-2012,23.61,23.85,23.59,23.84,79032
10-23-2012,23.68,24.08,23.63,24.05,159012
10-24-2012,24.06,24.06,23.82,24.02,104852
10-25-2012,24.06,24.20,23.95,24.10,110450
10-26-2012,24.06,24.07,23.89,23.94,113521
10-31-2012,23.92,23.99,23.85,23.99,110297
11-01-2012,23.99,24.06,23.58,23.79,186691
11-02-2012,23.92,23.92,23.24,23.30,169890
11-05-2012,23.19,23.51,23.01,23.34,71964
11-06-2012,23.47,23.47,22.60,23.08,139840
11-07-2012,22.82,23.07,22.75,22.93,177735
11-08-2012,22.97,23.19,22.83,23.01,113894
11-09-2012,22.85,23.05,22.82,22.90,79951
11-12-2012,22.90,23.01,22.72,22.88,48877
11-13-2012,22.74,23.14,22.74,23.02,80806
11-14-2012,23.10,23.26,22.73,22.78,127464
11-15-2012,22.78,22.78,22.01,22.36,65240
11-16-2012,22.27,22.30,21.85,22.08,233104
11-19-2012,22.22,22.40,22.09,22.34,67557
11-20-2012,22.23,22.34,21.81,22.34,80673
11-21-2012,22.29,22.53,21.84,22.52,51499
11-23-2012,22.62,22.81,22.52,22.81,33864
11-26-2012,22.75,23.03,22.68,23.01,71393
11-27-2012,22.98,23.10,22.58,22.95,76721
11-28-2012,22.82,23.04,22.44,22.94,112656
11-29-2012,23.08,23.35,22.77,22.97,65652
11-30-2012,23.07,23.28,22.26,23.23,172448
12-03-2012,23.35,23.50,22.92,23.10,51851
12-04-2012,23.10,23.17,22.91,23.04,42438
12-05-2012,23.15,23.31,22.57,23.19,44462
12-06-2012,23.10,23.22,22.98,23.07,72556
12-07-2012,23.20,23.20,22.91,23.02,60219
12-10-2012,23.09,23.24,22.90,23.15,77551
12-11-2012,23.30,23.44,22.99,23.12,72685
12-12-2012,23.22,23.23,22.98,23.08,116268
12-13-2012,22.86,23.04,22.69,22.83,57626
12-14-2012,22.73,22.95,22.56,22.63,67455
12-17-2012,22.67,22.97,22.67,22.95,62368
12-18-2012,22.94,23.24,22.89,23.12,112995
12-19-2012,23.20,23.83,23.05,23.78,131976
12-20-2012,23.76,24.10,22.80,24.03,148008
12-21-2012,24.13,24.13,23.36,23.52,287177
12-24-2012,23.47,23.65,23.27,23.28,66181
12-26-2012,23.25,23.37,22.94,23.18,181112
12-27-2012,23.12,23.33,22.85,23.21,128623
12-28-2012,23.08,23.19,22.97,23.01,103985
12-31-2012,23.09,23.58,22.90,23.51,105120
01-02-2013,23.96,24.15,23.47,24.14,185679
01-03-2013,24.15,24.21,22.47,24.12,81137
01-04-2013,24.24,24.91,24.20,24.74,82565
01-07-2013,24.56,24.66,24.40,24.41,57417
01-08-2013,24.33,24.86,24.22,24.70,65259
01-09-2013,24.75,25.09,23.63,24.79,72214
01-10-2013,24.84,24.97,24.76,24.85,68540
01-11-2013,24.85,24.99,24.71,24.87,74412
01-14-2013,24.83,25.47,24.71,24.94,55796
01-15-2013,24.75,25.13,24.66,25.06,105529
01-16-2013,24.98,25.35,24.98,25.29,61816
01-17-2013,25.35,25.44,25.32,25.36,73226
01-18-2013,25.39,25.49,25.14,25.36,64726
01-22-2013,25.41,25.97,24.86,25.86,38164
01-23-2013,25.91,25.99,25.62,25.95,91498
01-24-2013,25.99,26.06,25.79,25.92,91656
01-25-2013,26.06,26.32,25.63,25.82,119470
01-28-2013,25.77,25.77,25.11,25.14,172485
01-29-2013,25.21,25.64,24.27,25.63,85389
01-30-2013,25.55,25.55,24.95,25.04,84366
01-31-2013,24.99,25.46,24.85,25.26,70342
02-01-2013,25.42,25.90,24.20,25.85,97586
02-04-2013,25.74,25.81,25.49,25.70,66476
02-05-2013,25.76,26.05,25.64,26.04,67174
02-06-2013,25.87,26.39,25.75,26.22,69713
02-07-2013,26.25,26.95,22.05,26.88,107294
02-08-2013,26.86,27.46,26.79,27.11,67175
02-11-2013,27.03,27.11,26.93,27.08,53874
02-12-2013,26.84,27.14,26.70,27.07,75348
02-13-2013,27.15,27.27,26.92,27.04,53853
02-14-2013,26.91,27.05,26.84,26.94,128143
02-15-2013,27.16,27.16,26.77,26.96,129580
02-19-2013,26.94,27.13,26.94,27.09,68859
02-20-2013,27.02,27.12,26.70,26.72,143307
02-21-2013,26.80,27.02,26.66,26.80,89223
02-22-2013,26.95,26.95,26.71,26.80,75362
02-25-2013,26.82,26.98,26.10,26.18,127972
02-26-2013,26.20,26.59,26.09,26.42,124880
02-27-2013,26.44,27.06,26.24,26.90,121279
02-28-2013,26.92,27.06,26.57,26.69,140068
03-01-2013,26.44,27.00,26.13,26.77,93536
03-04-2013,26.65,27.41,24.44,27.34,117470
03-05-2013,27.41,27.80,27.41,27.71,68568
03-06-2013,27.70,27.95,27.44,27.73,49458
03-07-2013,27.65,27.93,27.43,27.90,66896
03-08-2013,28.14,28.26,27.86,28.00,108898
03-11-2013,27.93,28.08,27.65,27.72,65536
03-12-2013,27.76,27.79,27.64,27.78,92034
03-13-2013,27.88,27.95,27.67,27.79,155655
03-14-2013,27.91,28.22,27.80,28.22,159904
03-15-2013,28.16,28.26,27.98,28.16,318415
03-18-2013,28.00,28.56,28.00,28.40,97437
03-19-2013,28.49,29.08,28.42,28.92,195708
03-20-2013,28.95,29.16,28.95,29.16,80089
03-21-2013,29.04,29.17,29.04,29.13,81443
03-22-2013,29.16,29.22,28.82,28.84,145219
03-25-2013,29.00,29.00,28.66,28.92,131960
03-26-2013,29.06,29.24,28.82,28.94,106417
03-27-2013,28.82,28.89,28.49,28.76,123285
03-28-2013,28.87,29.16,27.83,29.08,102089
04-01-2013,29.07,29.16,28.54,28.70,86588
04-02-2013,28.83,28.97,28.35,28.39,136081
04-03-2013,28.01,28.71,28.01,28.37,96539
04-04-2013,28.18,28.69,28.18,28.66,67942
04-05-2013,28.32,28.71,28.32,28.66,61997
04-08-2013,28.73,29.16,28.55,29.16,75089
04-09-2013,28.99,29.15,28.54,28.57,86161
04-10-2013,28.55,28.89,28.52,28.79,130565
04-11-2013,28.82,29.16,28.82,28.96,59010
04-12-2013,28.78,29.11,28.62,28.85,73454
04-15-2013,28.63,28.75,27.69,27.72,147601
04-16-2013,27.88,28.26,27.77,28.19,155425
04-17-2013,28.00,28.13,27.36,27.48,185242
04-18-2013,27.58,27.73,27.19,27.27,104931
04-19-2013,27.26,28.04,27.26,28.00,70987
04-22-2013,28.02,28.02,27.36,27.76,97301
04-23-2013,28.02,28.62,28.02,28.60,55385
04-24-2013,28.53,28.82,28.48,28.80,56833
04-25-2013,28.80,28.87,28.21,28.58,66912
04-26-2013,28.58,28.78,28.35,28.49,112435
04-29-2013,28.78,29.04,28.74,28.82,77012
04-30-2013,28.82,29.30,28.66,29.13,155091
05-01-2013,29.12,29.52,29.10,29.44,228088
05-02-2013,29.46,29.49,29.32,29.44,103356
05-03-2013,29.81,32.28,29.81,31.71,275385
05-06-2013,31.66,31.73,31.07,31.25,92482
05-07-2013,31.38,31.75,31.18,31.75,96763
05-08-2013,31.78,32.18,31.24,32.18,99681
05-09-2013,32.20,32.56,31.70,31.85,95602
05-10-2013,31.98,31.98,31.47,31.65,56995
05-13-2013,31.52,31.68,31.19,31.28,55927
05-14-2013,31.22,31.97,31.22,31.80,123969
05-15-2013,31.64,32.06,31.47,32.04,132010
05-16-2013,31.91,32.33,31.66,31.78,120484
05-17-2013,31.80,31.94,31.45,31.54,108267
05-20-2013,31.38,31.64,31.03,31.24,123098
05-21-2013,31.17,31.17,30.27,30.62,146900
05-22-2013,30.57,30.84,29.96,30.23,116717
05-23-2013,30.06,30.12,29.48,29.91,137005
05-24-2013,29.75,30.09,29.60,29.96,90413
05-28-2013,30.27,30.92,30.12,30.57,63391
05-29-2013,30.34,30.63,30.06,30.47,102256
05-30-2013,31.47,31.47,30.20,30.77,145074
05-31-2013,30.54,31.00,30.54,30.73,107895
06-03-2013,30.90,31.42,30.61,31.39,194475
06-04-2013,31.19,31.57,30.83,31.14,134599
06-05-2013,31.04,31.10,30.77,30.79,127246
06-06-2013,30.79,31.21,30.66,31.16,76011
06-07-2013,31.39,31.40,31.09,31.24,43541
06-10-2013,31.27,31.70,30.90,31.67,248476
06-11-2013,31.39,31.75,31.25,31.41,46356
06-12-2013,31.53,31.53,31.04,31.18,75881
06-13-2013,31.19,32.23,31.04,32.15,79276
06-14-2013,32.02,32.19,31.74,31.90,48731
06-17-2013,32.20,32.67,31.85,32.15,67861
06-18-2013,32.22,34.04,32.06,33.26,68842
06-19-2013,33.17,33.17,32.46,32.50,122593
06-20-2013,32.06,32.80,31.99,32.07,112656
06-21-2013,32.18,33.99,31.82,33.88,383696
06-24-2013,33.54,33.93,32.41,32.47,268778
06-25-2013,32.81,33.66,32.43,32.57,173436
06-26-2013,32.74,32.97,32.40,32.42,107916
06-27-2013,32.67,33.13,32.50,33.12,100635
06-28-2013,32.96,33.31,32.74,32.89,879602
07-01-2013,33.07,33.77,32.86,33.52,146418
07-02-2013,33.30,33.68,33.26,33.54,130472
07-03-2013,33.31,33.82,33.17,33.50,111699
07-05-2013,34.09,34.29,33.62,34.23,187210
07-08-2013,34.33,34.33,34.00,34.22,110814
07-09-2013,34.29,34.67,34.12,34.61,121915
07-10-2013,34.61,34.61,34.16,34.32,109346
07-11-2013,34.67,34.67,33.78,34.45,135949
07-12-2013,34.35,35.13,34.12,35.00,106743
07-15-2013,34.94,35.28,34.71,35.06,115092
07-16-2013,35.02,35.61,34.81,35.40,89807
07-17-2013,35.65,35.82,35.25,35.45,73054
07-18-2013,35.45,36.09,35.37,35.93,119643
07-19-2013,35.75,36.17,35.53,35.85,283717
07-22-2013,35.69,36.04,35.54,35.67,285488
07-23-2013,35.85,35.85,35.04,35.16,116293
07-24-2013,35.40,35.49,34.45,34.58,183786
07-25-2013,34.30,34.96,34.30,34.82,208878
07-26-2013,34.71,34.97,34.50,34.82,172484
07-29-2013,34.40,34.93,34.40,34.69,69735
07-30-2013,34.78,34.86,34.17,34.48,150891
07-31-2013,34.56,34.86,34.36,34.64,95331
08-01-2013,35.03,35.22,34.69,35.00,76392
08-02-2013,34.75,35.06,34.75,34.87,57549
08-05-2013,34.74,35.14,34.73,35.03,79321
08-06-2013,34.92,35.68,34.46,35.68,118801
08-07-2013,35.32,35.32,33.36,33.99,331687
08-08-2013,34.22,34.33,34.01,34.06,105696
08-09-2013,34.08,34.08,33.48,33.51,63437
08-12-2013,33.18,33.74,33.13,33.40,62058
08-13-2013,33.34,34.29,32.95,34.16,100598
08-14-2013,34.14,34.33,33.71,34.12,81885
08-15-2013,33.74,33.90,33.21,33.35,117446
08-16-2013,33.20,33.30,33.02,33.15,67914
08-19-2013,33.03,33.25,32.66,32.71,97121
08-20-2013,32.72,33.56,32.51,33.32,84970
08-21-2013,33.33,33.40,32.73,32.81,94313
08-22-2013,32.60,33.51,32.60,33.45,54241
08-23-2013,33.44,33.44,32.65,33.08,150002
08-26-2013,33.26,33.39,32.74,33.02,118477
08-27-2013,32.71,32.90,32.09,32.17,92999
08-28-2013,32.18,32.33,31.87,32.08,62467
08-29-2013,31.99,32.99,31.99,32.71,115966
08-30-2013,32.57,32.77,31.73,31.80,81997
09-03-2013,32.20,32.20,31.55,31.92,88362
09-04-2013,31.93,32.25,31.74,31.89,76517
09-05-2013,32.22,32.29,31.66,31.77,92878
09-06-2013,31.80,31.82,30.97,31.52,78569
09-09-2013,31.90,32.18,31.29,32.11,54395
09-10-2013,32.17,32.62,32.01,32.60,76052
09-11-2013,32.49,32.80,32.28,32.62,59679
09-12-2013,31.29,32.71,31.29,32.40,52906
09-13-2013,32.63,33.02,32.45,32.74,48010
09-16-2013,32.97,33.38,32.78,32.97,131397
09-17-2013,32.89,33.53,32.68,33.35,61722
09-18-2013,33.17,33.91,32.92,33.38,105021
09-19-2013,33.36,34.05,33.10,33.39,170574
09-20-2013,33.40,34.26,32.71,32.86,380800
09-23-2013,32.93,33.24,32.49,33.03,96218
09-24-2013,33.06,33.41,32.64,33.17,172859
09-25-2013,33.31,33.37,32.61,33.18,181832
09-26-2013,33.36,33.43,32.75,33.42,83282
09-27-2013,33.12,33.82,33.12,33.51,127422
09-30-2013,33.22,33.78,33.09,33.41,134563
10-01-2013,33.31,33.70,33.16,33.49,107331
10-02-2013,33.51,33.74,33.39,33.56,54590
10-03-2013,33.56,33.63,33.19,33.40,103133
10-04-2013,33.31,33.88,33.23,33.49,121967
10-07-2013,33.26,33.51,33.10,33.20,255122
10-08-2013,33.58,33.64,33.12,33.25,258987
10-09-2013,33.28,33.37,32.78,33.07,169814
10-10-2013,33.49,33.95,32.75,33.81,94549
10-11-2013,33.63,33.98,33.27,33.88,152576
10-14-2013,33.77,34.01,33.66,33.90,126376
10-15-2013,33.77,34.20,33.49,33.53,117515
10-16-2013,33.37,34.04,26.92,33.77,152680
10-17-2013,33.70,34.50,33.69,34.01,86961
10-18-2013,34.33,34.33,33.26,33.82,252323
10-21-2013,33.71,33.92,33.45,33.49,196864
10-22-2013,33.73,33.73,32.85,33.59,279190
10-23-2013,33.32,33.89,32.73,33.35,87661
10-24-2013,33.47,33.47,33.20,33.38,150279
10-25-2013,33.43,33.43,32.96,33.06,172820
10-28-2013,32.97,33.42,32.90,33.41,209149
10-29-2013,33.41,33.68,33.21,33.36,102868
10-30-2013,33.47,33.47,32.93,33.10,94719
10-31-2013,33.18,33.38,32.68,32.69,101339
11-01-2013,32.54,32.83,32.07,32.22,133033
11-04-2013,32.44,32.74,32.32,32.60,143428
11-05-2013,32.56,33.07,31.48,31.90,86174
11-06-2013,32.30,32.36,31.92,32.01,86012
11-07-2013,32.24,32.29,31.59,31.83,104516
11-08-2013,31.81,32.83,31.61,32.78,189207
11-11-2013,32.75,32.83,32.47,32.62,116165
11-12-2013,32.61,33.11,32.52,33.03,118285
11-13-2013,32.68,33.37,32.61,33.31,195775
11-14-2013,33.25,33.48,33.00,33.24,56316
11-15-2013,33.20,33.59,32.32,33.56,141545
11-18-2013,33.67,34.12,33.57,34.08,178236
11-19-2013,33.99,34.76,33.94,34.43,183812
11-20-2013,34.61,34.61,34.23,34.47,172244
11-21-2013,34.70,35.26,34.69,35.20,96470
11-22-2013,35.29,35.67,34.92,35.52,267077
11-25-2013,35.52,36.16,35.52,36.14,96594
11-26-2013,36.20,36.49,35.99,36.30,88822
11-27-2013,36.25,36.91,36.20,36.84,56507
11-29-2013,37.10,37.10,36.78,36.95,64897
12-02-2013,36.74,36.85,36.30,36.49,184070
12-03-2013,36.34,37.06,36.34,36.67,149140
12-04-2013,36.41,36.72,35.84,36.07,182483
12-05-2013,36.07,36.56,36.05,36.37,284796
12-06-2013,36.59,37.53,36.45,37.51,173242
12-09-2013,37.42,37.80,36.95,37.77,207976
12-10-2013,37.60,38.09,37.33,37.48,492946
12-11-2013,37.56,37.59,36.85,36.90,201523
12-12-2013,36.96,37.25,36.24,36.39,134605
12-13-2013,36.38,36.48,35.92,36.23,201164
12-16-2013,36.23,36.23,35.76,35.94,207152
12-17-2013,35.82,35.85,35.42,35.71,144707
12-18-2013,35.84,36.38,35.45,36.37,147670
12-19-2013,36.23,36.43,35.95,36.12,66169
12-20-2013,36.28,36.87,36.14,36.50,296193
12-23-2013,36.77,36.81,36.07,36.23,190581
12-24-2013,36.16,36.54,35.95,36.22,50029
12-26-2013,36.45,36.70,36.13,36.61,137832
12-27-2013,36.86,36.86,36.09,36.37,156121
12-30-2013,36.41,36.63,36.05,36.23,136742
12-31-2013,36.30,36.66,36.23,36.32,127681
01-02-2014,36.28,36.28,35.03,35.34,250233
01-03-2014,35.36,36.02,35.36,35.71,233714
01-06-2014,35.93,36.44,35.67,36.30,284697
01-07-2014,36.34,36.66,35.93,36.30,181370
01-08-2014,36.22,36.52,36.05,36.20,278975
01-09-2014,36.42,36.68,35.85,36.08,211821
01-10-2014,36.16,36.46,35.65,36.14,139301
01-13-2014,36.03,36.48,35.85,36.08,204296
01-14-2014,36.33,36.69,36.04,36.51,130171
01-15-2014,36.70,36.81,36.49,36.69,125876
01-16-2014,36.52,36.93,36.40,36.59,127678
01-17-2014,36.52,36.91,36.02,36.34,79780
01-21-2014,36.84,37.18,36.55,36.71,166584
01-22-2014,36.66,36.66,36.43,36.54,128770
01-23-2014,36.34,36.49,36.01,36.30,141742
01-24-2014,35.98,36.04,35.31,35.55,159588
01-27-2014,36.76,36.76,35.23,35.26,110025
01-28-2014,35.66,36.22,35.52,35.80,250507
01-29-2014,35.16,35.91,35.04,35.29,112529
01-30-2014,35.50,36.08,35.20,35.69,93795
01-31-2014,35.08,35.79,34.86,35.15,268132
02-03-2014,35.16,35.16,34.08,34.29,196424
02-04-2014,34.38,34.46,33.77,33.94,116757
02-05-2014,33.84,34.11,33.64,33.87,97907
02-06-2014,33.86,34.48,33.79,34.47,142026
02-07-2014,34.46,35.16,34.26,34.57,130055
02-10-2014,34.42,34.66,33.80,34.43,143929
02-11-2014,34.30,34.55,34.13,34.33,173764
02-12-2014,34.39,34.44,33.79,34.07,191352
02-13-2014,33.88,34.76,33.88,34.57,123606
02-14-2014,34.56,35.19,34.38,35.09,119829
02-18-2014,35.07,35.55,35.00,35.36,159866
02-19-2014,35.16,35.64,34.56,34.67,111972
02-20-2014,34.61,34.90,34.32,34.80,113417
02-21-2014,34.76,35.18,34.53,34.80,187093
02-24-2014,34.77,35.23,34.25,34.99,176509
02-25-2014,35.11,35.12,34.52,34.64,89160
02-26-2014,34.62,34.99,34.26,34.45,130069
02-27-2014,34.34,34.49,34.08,34.34,126578
02-28-2014,34.42,34.96,34.21,34.60,163232
03-03-2014,34.29,34.34,33.66,34.09,89336
03-04-2014,34.51,35.24,34.51,34.93,194231
03-05-2014,34.77,34.80,34.39,34.63,111693
03-06-2014,34.70,35.11,34.54,34.92,113221
03-07-2014,35.22,35.40,34.60,34.70,120268
03-10-2014,34.55,34.95,34.29,34.91,105865
03-11-2014,34.64,34.92,34.12,34.43,144812
03-12-2014,34.13,34.81,34.13,34.69,126246
03-13-2014,34.69,35.13,34.56,34.96,130036
03-14-2014,34.94,35.49,34.59,34.82,143455
03-17-2014,35.09,36.31,35.05,36.02,289434
03-18-2014,36.06,36.76,36.06,36.42,229184
03-19-2014,36.42,36.78,36.05,36.15,174074
03-20-2014,36.18,36.72,35.99,36.08,116824
03-21-2014,36.30,36.72,35.95,36.37,195140
03-24-2014,36.50,36.50,35.83,35.99,160512
03-25-2014,35.99,36.33,35.87,36.25,260558
03-26-2014,36.54,36.59,35.44,35.55,173471
03-27-2014,35.56,35.89,35.10,35.16,148744
03-28-2014,35.08,35.58,34.94,35.03,170801
03-31-2014,35.27,36.11,35.16,35.94,178705
04-01-2014,35.97,36.24,35.72,36.08,149908
04-02-2014,36.19,36.44,35.97,36.12,101004
04-03-2014,36.22,36.84,35.96,36.43,171738
04-04-2014,36.73,36.90,35.79,35.92,160408
04-07-2014,35.79,36.05,35.52,35.78,140962
04-08-2014,35.74,36.55,35.70,36.25,158988
04-09-2014,36.47,36.49,36.02,36.38,135720
04-10-2014,36.43,36.70,35.79,35.86,149830
04-11-2014,35.47,36.12,35.47,35.84,188216
04-14-2014,36.08,36.54,35.91,35.95,293109
04-15-2014,36.08,36.18,35.61,36.03,231940
04-16-2014,36.33,36.33,35.86,36.00,133765
04-17-2014,35.99,36.45,35.99,36.26,117040
04-21-2014,36.40,36.45,36.06,36.19,128900
04-22-2014,36.13,36.57,36.09,36.33,116745
04-23-2014,36.34,36.65,36.26,36.36,97589
04-24-2014,36.60,36.60,36.18,36.32,102866
04-25-2014,36.12,36.48,35.93,35.98,188809
04-28-2014,36.18,36.44,35.43,35.61,101609
04-29-2014,35.83,35.98,35.18,35.27,109692
04-30-2014,35.24,35.28,34.63,34.82,238757
05-01-2014,34.66,35.46,34.28,35.29,142311
05-02-2014,35.46,35.67,35.37,35.41,127015
05-05-2014,35.10,35.64,34.97,35.44,166068
05-06-2014,35.75,36.96,35.21,35.21,247912
05-07-2014,35.39,36.07,35.36,35.92,263993
05-08-2014,36.01,36.66,35.52,35.61,168173
05-09-2014,35.35,36.46,35.35,36.41,187843
05-12-2014,36.22,37.28,36.22,37.07,176393
05-13-2014,37.07,37.31,36.86,37.04,205401
05-14-2014,36.92,37.31,36.15,36.15,146636
05-15-2014,36.09,36.35,35.59,35.94,121594
05-16-2014,35.86,36.38,35.71,36.26,120324
05-19-2014,36.07,36.66,36.07,36.31,121832
05-20-2014,36.12,36.29,35.49,35.88,149579
05-21-2014,36.12,36.37,35.53,36.16,104863
05-22-2014,36.36,36.80,36.04,36.61,164384
05-23-2014,36.71,36.98,36.48,36.86,272621
05-27-2014,37.20,37.78,36.91,37.70,191866
05-28-2014,37.71,37.93,37.45,37.72,163137
05-29-2014,37.64,38.27,37.36,38.10,157836
05-30-2014,38.19,38.31,38.02,38.12,167752
06-02-2014,38.15,38.27,37.32,37.54,109562
06-03-2014,37.29,37.55,36.73,36.79,282134
06-04-2014,36.68,37.72,36.68,37.67,174069
06-05-2014,37.78,39.00,37.47,39.00,237281
06-06-2014,39.26,39.59,38.88,39.05,190304
06-09-2014,38.93,39.55,38.72,39.34,152937
06-10-2014,39.11,39.28,38.56,38.82,131113
06-11-2014,38.65,39.24,38.63,38.63,176980
06-12-2014,38.40,38.82,38.28,38.69,223755
06-13-2014,38.93,39.44,38.64,39.28,151248
06-16-2014,39.20,39.28,38.76,39.22,199313
06-17-2014,39.42,40.13,39.02,40.04,176392
06-18-2014,39.98,40.08,39.34,39.87,306142
06-19-2014,40.07,40.25,39.54,40.18,145874
06-20-2014,40.17,40.17,39.54,39.75,305809
06-23-2014,39.61,39.70,38.99,39.17,197566
06-24-2014,39.26,39.50,38.97,39.11,127841
06-25-2014,39.05,39.55,39.05,39.48,110755
06-26-2014,39.56,39.61,38.97,39.56,152496
06-27-2014,39.32,40.15,39.32,40.08,740764
06-30-2014,39.94,40.48,39.80,40.22,182624
07-01-2014,40.39,41.22,40.39,40.57,179173
07-02-2014,40.56,40.88,40.20,40.29,97757
07-03-2014,40.52,40.72,40.08,40.37,67174
07-07-2014,40.27,40.48,39.85,40.17,97449
07-08-2014,40.12,41.12,40.00,40.73,305007
07-09-2014,40.92,41.25,40.41,40.56,208020
07-10-2014,39.91,41.13,39.25,40.53,278291
07-11-2014,40.35,41.69,40.35,41.55,218597
07-14-2014,42.07,42.07,41.59,41.74,191879
07-15-2014,41.40,41.67,40.93,41.22,289196
07-16-2014,41.31,41.44,40.28,40.60,129125
07-17-2014,40.48,40.57,40.00,40.10,108792
07-18-2014,39.95,40.97,39.95,40.85,162303
07-21-2014,40.62,41.11,40.62,40.96,130658
07-22-2014,40.96,41.23,40.88,40.98,129119
07-23-2014,41.07,41.74,40.85,41.70,158157
07-24-2014,41.76,41.87,40.98,41.03,188389
07-25-2014,40.72,40.96,40.09,40.41,106567
07-28-2014,40.51,40.92,39.93,40.85,92833
07-29-2014,40.98,41.13,39.97,40.02,195916
07-30-2014,40.33,40.33,39.39,39.48,183954
07-31-2014,39.25,39.58,39.15,39.19,150492
08-01-2014,39.35,39.64,38.82,39.39,122495
08-04-2014,39.67,41.81,39.17,39.49,123470
08-05-2014,39.89,40.66,39.10,40.56,162014
08-06-2014,40.30,40.75,40.15,40.42,146018
08-07-2014,40.53,40.53,39.78,39.82,124624
08-08-2014,39.74,40.29,39.69,39.98,151028
08-11-2014,40.15,40.65,40.07,40.37,91707
08-12-2014,40.07,40.51,39.90,40.12,59403
08-13-2014,40.13,40.76,40.04,40.43,167761
08-14-2014,40.55,41.29,40.55,41.24,95295
08-15-2014,41.64,41.71,41.05,41.51,119121
08-18-2014,41.88,41.90,41.35,41.57,123134
08-19-2014,41.50,41.85,41.25,41.45,55353
08-20-2014,41.25,41.25,40.92,41.00,72891
08-21-2014,41.03,42.15,40.84,41.99,93774
08-22-2014,42.08,42.49,41.66,42.00,65627
08-25-2014,42.31,42.31,41.34,41.39,105562
08-26-2014,41.33,41.79,41.10,41.57,126086
08-27-2014,41.75,42.17,41.58,41.99,86090
08-28-2014,41.94,41.94,41.33,41.40,68814
08-29-2014,41.39,41.61,41.30,41.56,61012
09-02-2014,41.75,42.03,41.11,41.83,97976
09-03-2014,42.04,42.04,41.61,41.71,92092
09-04-2014,41.87,41.96,41.51,41.72,79610
09-05-2014,41.55,41.77,41.37,41.51,33104
09-08-2014,41.59,41.70,41.13,41.60,50896
09-09-2014,41.60,41.60,40.95,41.18,107292
09-10-2014,41.10,41.59,41.06,41.47,72907
09-11-2014,41.30,41.95,41.30,41.85,102480
09-12-2014,41.97,41.97,41.34,41.47,81398
09-15-2014,41.41,41.81,41.35,41.69,71606
09-16-2014,41.85,42.01,41.29,41.85,130451
09-17-2014,41.97,42.29,41.74,41.90,119297
09-18-2014,42.16,42.19,41.78,41.99,173146
09-19-2014,41.93,42.12,41.40,41.57,352590
09-22-2014,41.42,41.83,41.09,41.68,131295
09-23-2014,41.66,41.85,40.42,40.46,149934
09-24-2014,40.65,40.88,40.27,40.87,72932
09-25-2014,40.87,40.99,40.34,40.66,121284
09-26-2014,40.65,41.13,40.35,40.82,152137
09-29-2014,40.57,40.61,39.90,40.22,140721
09-30-2014,40.17,40.71,39.72,39.72,198482
10-01-2014,39.67,39.74,38.98,39.37,159255
10-02-2014,39.34,40.30,39.24,40.09,102568
10-03-2014,40.51,40.91,40.24,40.81,98976
10-06-2014,40.94,41.02,40.24,40.26,103771
10-07-2014,39.98,40.52,39.78,39.94,109066
10-08-2014,39.90,40.87,39.72,40.80,154641
10-09-2014,40.90,41.12,40.01,40.14,108918
10-10-2014,39.91,40.83,39.91,40.39,105270
10-13-2014,40.48,41.40,40.19,41.01,121076
10-14-2014,41.36,42.03,41.04,41.13,183780
10-15-2014,40.54,40.84,39.86,40.56,157276
10-16-2014,40.17,40.90,40.09,40.72,106978
10-17-2014,41.27,41.27,40.68,40.70,95288
10-20-2014,40.50,41.06,40.25,41.06,128726
10-21-2014,41.19,41.91,40.95,41.79,92701
10-22-2014,41.94,42.23,41.57,41.58,59165
10-23-2014,41.95,42.09,41.60,41.73,70936
10-24-2014,41.85,42.19,41.77,42.06,45503
10-27-2014,41.98,42.24,41.94,41.96,93092
10-28-2014,42.12,43.09,41.92,42.90,145895
10-29-2014,43.07,43.39,42.73,42.97,90620
10-30-2014,42.72,43.54,42.72,43.09,115982
10-31-2014,47.83,47.83,43.13,44.06,159069
11-03-2014,44.32,44.55,43.21,43.54,109935
11-04-2014,43.39,44.11,43.14,43.68,81060
11-05-2014,43.89,44.23,43.41,43.65,67638
11-06-2014,43.55,43.99,43.30,43.90,74364
11-07-2014,43.89,43.94,43.35,43.73,67509
11-10-2014,43.87,43.95,43.31,43.93,54196
11-11-2014,43.89,43.89,43.51,43.88,51037
11-12-2014,43.75,43.75,43.25,43.63,92599
11-13-2014,43.72,43.95,43.24,43.41,38194
11-14-2014,43.45,43.58,42.54,43.01,108290
11-17-2014,42.84,43.08,42.57,42.90,88870
11-18-2014,43.04,43.65,42.94,43.00,66354
11-19-2014,43.01,43.04,42.12,42.75,55570
11-20-2014,43.13,44.19,43.09,44.14,123442
11-21-2014,44.72,44.92,43.44,43.47,100610
11-24-2014,43.80,44.49,43.38,44.42,108608
11-25-2014,44.40,44.85,43.96,44.63,84124
11-26-2014,44.74,45.57,44.46,45.43,73439
11-28-2014,45.35,45.60,44.65,44.70,58405
12-01-2014,44.78,45.71,44.49,44.59,80785
12-02-2014,44.57,45.61,44.57,45.54,93865
12-03-2014,45.42,45.81,45.16,45.52,95350
12-04-2014,45.31,45.86,45.16,45.27,73064
12-05-2014,45.21,45.74,44.99,45.29,88027
12-08-2014,45.30,46.16,45.03,45.14,101630
12-09-2014,45.07,45.24,44.44,45.17,131666
12-10-2014,45.13,45.24,44.37,44.40,75023
12-11-2014,44.63,45.03,44.31,44.54,102420
12-12-2014,44.05,44.57,43.40,43.54,125920
12-15-2014,43.19,43.33,42.04,42.57,255398
12-16-2014,42.46,42.88,42.00,42.13,165486
12-17-2014,42.13,42.82,41.92,42.61,235709
12-18-2014,43.07,43.07,42.56,42.65,172197
12-19-2014,42.57,42.60,41.23,41.54,760513
12-22-2014,41.49,42.49,41.49,42.46,199143
12-23-2014,42.62,43.46,42.14,43.27,79988
12-24-2014,43.32,43.82,42.98,43.71,37873
12-26-2014,43.89,44.28,43.67,44.11,95072
12-29-2014,44.21,44.68,44.14,44.63,102696
12-30-2014,44.52,45.11,44.52,44.97,102595
12-31-2014,45.04,45.29,43.91,43.94,94372
01-02-2015,44.25,44.46,42.72,43.03,81362
01-05-2015,42.76,43.12,42.38,42.69,107735
01-06-2015,42.28,42.76,41.62,42.27,108444
01-07-2015,42.77,42.77,41.87,42.69,128087
01-08-2015,43.05,43.60,42.53,43.31,89009
01-09-2015,43.27,43.77,42.53,42.97,149993
01-12-2015,42.85,43.05,42.00,42.18,134239
01-13-2015,42.56,43.52,42.22,42.68,160236
01-14-2015,41.83,42.62,41.12,41.67,165829
01-15-2015,41.72,41.84,41.05,41.35,122716
01-16-2015,41.20,42.68,41.20,42.52,127026
01-20-2015,42.65,43.00,41.72,42.09,138238
01-21-2015,42.07,42.30,41.59,41.87,125231
01-22-2015,42.23,42.82,41.65,42.77,184589
01-23-2015,42.77,43.28,42.48,43.14,108035
01-26-2015,43.09,43.22,42.40,42.91,89348
01-27-2015,42.39,43.30,42.38,42.85,68331
01-28-2015,43.15,43.21,42.49,42.92,131245
01-29-2015,42.91,43.49,42.67,43.35,119899
01-30-2015,42.92,43.33,42.34,42.37,132647
02-02-2015,42.57,43.13,42.03,43.00,86445
02-03-2015,43.26,44.25,42.93,44.05,115784
02-04-2015,43.99,44.66,43.99,44.25,108008
02-05-2015,44.28,44.75,44.07,44.30,74851
02-06-2015,44.48,44.75,43.92,44.13,89343
02-09-2015,44.02,44.21,43.29,43.33,124529
02-10-2015,43.33,43.90,42.67,42.96,174384
02-11-2015,42.87,43.04,41.82,42.07,167316
02-12-2015,42.19,42.70,42.00,42.30,191851
02-13-2015,42.27,42.69,42.00,42.28,293859
02-17-2015,42.19,42.42,41.65,41.89,174608
02-18-2015,41.96,42.18,41.69,41.99,120855
02-19-2015,41.82,42.28,41.59,41.72,62798
02-20-2015,41.81,41.81,40.98,41.50,220167
02-23-2015,41.39,41.60,40.80,41.56,155721
02-24-2015,41.68,41.96,41.43,41.76,114233
02-25-2015,41.73,42.15,41.46,41.72,94974
02-26-2015,41.86,42.06,41.24,41.96,69213
02-27-2015,41.96,42.15,41.82,41.90,83383
03-02-2015,41.91,42.81,41.91,42.51,127846
03-03-2015,42.29,42.72,42.12,42.41,105090
03-04-2015,42.16,42.85,42.03,42.59,143202
03-05-2015,42.56,43.04,42.44,42.78,93137
03-06-2015,42.49,43.42,42.49,42.69,150580
03-09-2015,42.90,43.21,42.80,42.97,108458
03-10-2015,42.51,42.84,42.29,42.73,102115
03-11-2015,42.60,43.42,42.41,42.93,136589
03-12-2015,43.27,43.88,42.89,43.77,89262
03-13-2015,43.65,43.80,43.08,43.60,95838
03-16-2015,43.79,44.74,43.65,44.62,99793
03-17-2015,44.49,44.60,44.02,44.18,148781
03-18-2015,43.99,44.60,43.73,44.35,116095
03-19-2015,44.33,44.51,43.73,44.25,80834
03-20-2015,44.21,44.57,43.98,44.22,158231
03-23-2015,44.43,44.43,43.92,43.94,152282
03-24-2015,43.79,44.15,43.79,44.04,90396
03-25-2015,43.96,44.01,43.32,43.32,123933
03-26-2015,43.34,43.48,42.90,43.11,161307
03-27-2015,43.07,43.26,42.82,43.01,150679
03-30-2015,43.03,43.74,42.95,43.37,103578
03-31-2015,43.29,43.96,43.12,43.86,165459
04-01-2015,43.69,44.44,43.69,44.43,109103
04-02-2015,44.36,44.74,44.10,44.38,95464
04-06-2015,44.10,44.87,44.10,44.46,93188
04-07-2015,44.50,45.01,44.01,44.11,80890
04-08-2015,44.04,44.71,43.97,44.44,126624
04-09-2015,44.44,44.66,43.83,44.23,249300
04-10-2015,44.49,44.73,43.80,43.93,47268
04-13-2015,43.76,44.24,43.74,43.94,60307
04-14-2015,43.77,44.53,43.69,44.40,86268
04-15-2015,44.34,45.24,44.18,45.15,128401
04-16-2015,45.00,45.37,44.90,45.01,138376
04-17-2015,44.66,45.02,43.90,44.04,193831
04-20-2015,44.11,44.82,43.83,44.25,97130
04-21-2015,44.32,44.94,43.92,44.11,92185
04-22-2015,44.14,44.61,43.73,44.12,82274
04-23-2015,44.15,44.57,44.03,44.16,71304
04-24-2015,44.09,44.62,43.95,44.11,85236
04-27-2015,44.17,44.76,43.66,43.90,112959
04-28-2015,44.03,44.39,43.63,43.92,117735
04-29-2015,43.66,44.31,43.44,43.55,79068
04-30-2015,43.20,43.48,42.65,42.85,178005
05-01-2015,42.79,43.23,42.62,43.10,147195
05-04-2015,43.20,43.35,42.95,43.17,116249
05-05-2015,43.83,44.47,43.18,43.77,158113
05-06-2015,43.95,44.17,43.57,43.92,117611
05-07-2015,43.76,44.25,43.60,44.09,88435
05-08-2015,44.52,45.01,44.13,44.52,235295
05-11-2015,44.59,45.02,44.49,44.87,145526
05-12-2015,45.67,46.46,45.11,46.38,358579
05-13-2015,47.24,47.84,46.49,46.97,288543
05-14-2015,47.02,47.42,45.52,47.39,102494
05-15-2015,47.45,47.45,46.46,46.82,112895
05-18-2015,46.60,47.22,46.51,47.10,125936
05-19-2015,47.16,47.61,46.93,47.08,208680
05-20-2015,47.25,47.35,46.94,47.17,96780
05-21-2015,47.27,47.61,46.98,47.07,167956
05-22-2015,47.06,47.22,46.48,46.60,85958
05-26-2015,46.28,46.29,45.84,46.20,98230
05-27-2015,46.19,46.65,45.85,46.52,100542
05-28-2015,46.47,46.75,46.26,46.72,121791
05-29-2015,46.56,47.37,46.08,46.22,95919
06-01-2015,46.53,46.81,46.01,46.30,214913
06-02-2015,46.05,46.59,45.71,46.39,150578
06-03-2015,46.56,47.27,46.41,47.09,159232
06-04-2015,46.78,46.97,46.21,46.48,87361
06-05-2015,46.56,46.77,46.13,46.63,90936
06-08-2015,46.57,46.82,46.00,46.23,92203
06-09-2015,46.12,46.59,45.84,46.25,103859
06-10-2015,46.57,47.80,46.39,47.64,192513
06-11-2015,47.69,47.99,47.46,47.92,72139
06-12-2015,46.75,48.07,46.64,47.87,140298
06-15-2015,47.51,47.70,46.78,47.40,111551
06-16-2015,47.40,47.90,47.26,47.85,133196
06-17-2015,48.06,48.28,47.78,48.00,113981
06-18-2015,48.06,49.26,47.93,48.61,192917
06-19-2015,48.76,49.17,48.38,48.61,260585
06-22-2015,48.82,49.15,48.66,49.06,90441
06-23-2015,49.18,49.58,48.80,49.51,94809
06-24-2015,49.57,49.65,49.12,49.22,167445
06-25-2015,49.55,49.55,48.72,48.87,92982
06-26-2015,49.11,49.56,48.71,49.36,511075
06-29-2015,49.19,49.52,48.62,48.69,93907
06-30-2015,48.94,49.36,48.65,48.90,104921
07-01-2015,49.61,49.85,49.14,49.44,130417
07-02-2015,49.61,49.78,49.29,49.48,88037
07-06-2015,49.09,50.09,48.93,50.02,67853
07-07-2015,49.89,50.82,49.53,49.64,175216
07-08-2015,49.24,49.74,48.84,49.32,70666
07-09-2015,49.86,50.03,49.16,49.20,139993
07-10-2015,49.63,50.05,49.36,49.85,103117
07-13-2015,50.00,50.45,49.75,50.02,90025
07-14-2015,49.92,50.21,49.70,49.84,95858
07-15-2015,49.88,50.01,49.49,49.66,115914
07-16-2015,50.01,50.39,49.71,49.79,117024
07-17-2015,49.96,50.22,49.72,49.98,153783
07-20-2015,50.56,50.78,49.79,49.89,118646
07-21-2015,49.73,50.00,49.43,49.94,131464
07-22-2015,49.86,50.05,49.44,49.69,86231
07-23-2015,49.91,50.00,48.97,49.00,109624
07-24-2015,48.94,49.50,48.88,49.15,165205
07-27-2015,49.05,49.72,48.87,49.13,122527
07-28-2015,49.27,49.27,48.57,48.84,127477
07-29-2015,48.83,49.54,48.68,49.15,77704
07-30-2015,49.04,49.68,49.04,49.46,103160
07-31-2015,49.69,50.17,49.36,49.50,112754
08-03-2015,49.61,49.78,49.23,49.54,95397
08-04-2015,49.63,49.81,49.17,49.30,127445
08-05-2015,49.96,50.23,49.18,49.46,154840
08-06-2015,49.63,50.65,49.52,50.65,184302
08-07-2015,50.52,51.35,49.82,50.61,157535
08-10-2015,50.74,51.05,50.14,50.43,189057
08-11-2015,50.27,50.69,49.85,50.17,155367
08-12-2015,49.99,50.19,49.39,49.81,116850
08-13-2015,49.70,50.36,49.33,50.12,128005
08-14-2015,50.00,50.87,49.77,50.80,126260
08-17-2015,50.53,51.05,50.09,51.05,275400
08-18-2015,50.83,51.53,50.50,51.50,131064
08-19-2015,51.23,52.16,51.09,51.95,179943
08-20-2015,51.55,51.55,50.93,51.28,192144
08-21-2015,50.77,50.94,50.44,50.65,243789
08-24-2015,49.03,49.73,48.21,48.59,315467
08-25-2015,49.79,49.79,48.07,48.14,275128
08-26-2015,49.05,49.43,48.20,48.98,230627
08-27-2015,49.24,49.53,48.15,48.64,195663
08-28-2015,48.46,48.55,47.95,48.26,193068
08-31-2015,48.28,49.37,48.11,49.32,130345
09-01-2015,48.88,49.04,48.27,48.45,156244
09-02-2015,48.92,48.92,48.16,48.65,73473
09-03-2015,48.98,49.02,48.44,48.51,99643
09-04-2015,48.04,48.42,47.53,47.99,88109
09-08-2015,48.56,48.68,48.20,48.38,121134
09-09-2015,48.71,48.71,47.98,47.98,109036
09-10-2015,47.97,48.34,47.69,48.15,88710
09-11-2015,48.15,48.47,47.68,48.42,99689
09-14-2015,48.39,48.94,48.27,48.70,81113
09-15-2015,48.84,49.02,48.30,48.35,217889
09-16-2015,48.49,48.53,48.29,48.45,116629
09-17-2015,48.32,49.12,48.27,48.43,129460
09-18-2015,47.85,48.71,47.85,48.46,257030
09-21-2015,48.55,49.06,48.34,48.77,73867
09-22-2015,48.42,48.57,48.05,48.52,82802
09-23-2015,48.44,49.28,48.13,48.97,102067
09-24-2015,48.68,50.01,48.68,49.92,186041
09-25-2015,50.28,50.59,49.82,49.90,168711
09-28-2015,49.90,50.12,49.31,49.44,171216
09-29-2015,49.46,50.19,49.20,49.68,140143
09-30-2015,49.93,50.33,49.71,49.86,241754
10-01-2015,50.05,50.45,48.91,49.76,147203
10-02-2015,49.35,50.94,49.13,50.91,142112
10-05-2015,51.16,51.99,51.15,51.91,134462
10-06-2015,51.84,53.60,51.64,51.84,186844
10-07-2015,51.98,52.79,51.94,52.33,162905
10-08-2015,52.26,52.94,52.09,52.91,106321
10-09-2015,52.97,53.59,52.42,52.91,94889
10-12-2015,52.71,53.42,52.43,53.16,102719
10-13-2015,52.88,53.60,52.24,53.05,94038
10-14-2015,53.03,53.24,52.69,52.70,103401
10-15-2015,52.79,53.68,52.49,53.68,122740
10-16-2015,53.98,54.62,53.21,54.12,245299
10-19-2015,54.10,54.38,53.90,54.11,120176
10-20-2015,54.35,56.20,54.25,56.01,233264
10-21-2015,56.05,56.05,55.20,55.43,201493
10-22-2015,55.77,56.23,55.33,56.14,242269
10-23-2015,56.14,56.72,55.71,56.68,168378
10-26-2015,56.68,57.27,56.41,56.80,322428
10-27-2015,57.10,57.16,55.43,56.10,201131
10-28-2015,56.43,58.50,56.35,58.31,418287
10-29-2015,58.20,58.20,56.53,56.72,160498
10-30-2015,56.66,56.66,54.82,55.09,151389
11-02-2015,55.30,55.70,54.82,55.24,180424
11-03-2015,55.03,55.12,54.32,54.46,142812
11-04-2015,54.49,54.56,53.70,54.13,165536
11-05-2015,54.25,54.81,53.69,54.78,161773
11-06-2015,54.93,55.88,54.70,55.84,108433
11-09-2015,55.82,56.31,52.21,55.75,134766
11-10-2015,55.60,56.10,55.60,56.02,97207
11-11-2015,56.23,56.73,55.76,55.83,105312
11-12-2015,55.57,56.00,54.81,54.94,124236
11-13-2015,54.63,55.54,54.63,55.03,139857
11-16-2015,54.91,55.25,54.63,55.23,135884
11-17-2015,55.36,55.69,55.18,55.27,128867
11-18-2015,55.33,56.40,54.80,56.39,171779
11-19-2015,56.45,56.45,55.66,56.39,138033
11-20-2015,56.48,57.21,56.48,57.08,178767
11-23-2015,57.35,57.69,56.96,57.40,230914
11-24-2015,57.09,57.38,56.49,56.94,111389
11-25-2015,56.93,56.93,56.35,56.53,50883
11-27-2015,56.59,56.94,56.04,56.40,52706
11-30-2015,56.63,56.67,56.06,56.15,116925
12-01-2015,56.49,57.04,56.24,56.81,126024
12-02-2015,56.68,57.07,56.56,56.77,94482
12-03-2015,56.94,57.17,55.88,55.97,109595
12-04-2015,55.97,56.62,55.97,56.47,126546
12-07-2015,56.50,56.97,55.81,56.08,129241
12-08-2015,55.55,56.15,55.20,55.75,67088
12-09-2015,55.58,55.89,54.46,54.49,77066
12-10-2015,54.89,54.89,54.18,54.27,102855
12-11-2015,53.23,53.98,51.76,53.57,146834
12-14-2015,53.50,54.38,52.75,53.35,174363
12-15-2015,53.73,55.66,53.58,53.88,108249
12-16-2015,54.33,54.36,53.02,53.86,118090
12-17-2015,53.83,54.26,53.51,53.54,104566
12-18-2015,53.37,53.37,52.15,52.32,235187
12-21-2015,52.64,53.17,52.35,52.58,221665
12-22-2015,52.72,53.98,52.54,53.62,102714
12-23-2015,53.88,54.46,53.09,53.91,142987
12-24-2015,53.91,54.06,53.61,53.83,45283
12-28-2015,53.69,54.05,53.45,53.90,63331
12-29-2015,54.22,55.84,53.87,54.44,87938
12-30-2015,54.43,54.43,53.68,53.83,87588
12-31-2015,53.79,53.79,52.81,52.89,73869
01-04-2016,52.11,52.61,51.30,51.85,160883
01-05-2016,51.87,52.55,51.67,52.51,103391
01-06-2016,51.88,52.74,51.17,52.43,120723
01-07-2016,51.70,52.40,51.24,51.28,109063
01-08-2016,51.42,51.74,50.21,50.39,154224
01-11-2016,50.55,51.26,50.55,51.00,107315
01-12-2016,51.35,51.83,50.11,50.56,133965
01-13-2016,50.75,52.12,48.97,49.06,180317
01-14-2016,49.51,51.09,47.59,50.78,267815
01-15-2016,49.51,50.34,49.09,49.61,160890
01-19-2016,50.20,50.32,48.94,49.28,127714
01-20-2016,48.65,49.38,47.60,48.89,172251
01-21-2016,48.90,49.94,48.43,49.26,133968
01-22-2016,49.73,49.73,48.90,49.31,94796
01-25-2016,48.97,49.49,48.05,48.14,99757
01-26-2016,48.35,49.40,48.14,48.45,110929
01-27-2016,48.32,49.06,48.03,48.09,151455
01-28-2016,48.45,49.31,48.11,49.05,79505
01-29-2016,49.17,50.23,49.17,50.23,125020
02-01-2016,50.09,50.48,49.62,50.25,132226
02-02-2016,49.94,49.94,48.71,49.61,107626
02-03-2016,49.93,55.35,48.88,50.25,151376
02-04-2016,50.19,52.99,49.11,49.41,103351
02-05-2016,49.19,49.42,48.38,48.47,176764
02-08-2016,47.91,48.46,47.48,47.55,178153
02-09-2016,44.39,46.20,40.39,45.47,445086
02-10-2016,45.66,47.67,45.66,46.56,151763
02-11-2016,45.99,47.31,45.62,46.68,159639
02-12-2016,47.21,48.43,46.27,47.20,158487
02-16-2016,47.57,47.57,46.22,46.80,206200
02-17-2016,47.08,47.92,46.61,47.13,140719
02-18-2016,47.24,48.62,47.03,47.97,90247
02-19-2016,47.87,48.81,47.87,48.36,110862
02-22-2016,48.75,49.66,48.58,48.70,122344
02-23-2016,48.52,49.28,48.35,48.84,126697
02-24-2016,48.60,49.92,46.83,49.67,168465
02-25-2016,49.74,50.14,49.48,49.76,62525
02-26-2016,49.96,50.43,49.69,49.89,115631
02-29-2016,49.95,50.54,47.16,49.45,168692
03-01-2016,49.93,51.84,49.83,51.23,184769
03-02-2016,51.18,51.26,50.34,50.76,110286
03-03-2016,50.85,51.37,50.14,50.33,108923
03-04-2016,50.38,50.44,48.18,49.80,224818
03-07-2016,49.72,50.85,49.20,50.74,112577
03-08-2016,50.50,50.68,48.32,49.80,125489
03-09-2016,50.02,50.13,49.15,49.24,134659
03-10-2016,49.32,49.79,48.40,48.78,119568
03-11-2016,49.17,50.74,48.86,50.63,146018
03-14-2016,50.51,50.67,49.96,49.96,111696
03-15-2016,49.82,49.94,49.25,49.69,82401
03-16-2016,49.47,50.45,49.47,50.16,148740
03-17-2016,50.03,51.18,49.82,50.89,84611
03-18-2016,51.15,51.37,50.50,50.67,171794
03-21-2016,50.66,51.15,50.28,50.73,87975
03-22-2016,50.46,51.26,50.12,50.74,76048
03-23-2016,50.66,51.03,50.01,50.02,159031
03-24-2016,49.68,49.80,49.09,49.28,92964
03-28-2016,49.53,50.08,49.48,49.75,57036
03-29-2016,49.49,50.80,49.49,50.69,115837
03-30-2016,51.03,51.26,50.67,51.02,74369
03-31-2016,50.85,51.44,50.67,50.92,104027
04-01-2016,50.72,51.33,50.64,50.98,98299
04-04-2016,50.89,51.22,50.37,50.46,97586
04-05-2016,50.29,50.32,49.48,49.56,147543
04-06-2016,49.38,49.73,48.95,49.44,103218
04-07-2016,49.23,49.56,48.68,49.15,157971
04-08-2016,49.54,49.78,49.15,49.57,79316
04-11-2016,49.83,50.03,49.16,49.20,85771
04-12-2016,49.32,50.33,49.30,50.12,128871
04-13-2016,50.23,50.46,49.72,50.32,291656
04-14-2016,50.30,50.44,49.55,49.84,154667
04-15-2016,49.59,50.93,49.14,49.74,115304
04-18-2016,49.62,50.19,49.40,50.03,100562
04-19-2016,50.19,50.57,49.67,49.93,94204
04-20-2016,49.89,50.23,48.91,49.64,126022
04-21-2016,49.45,49.62,48.68,48.99,142957
04-22-2016,48.92,49.85,48.77,49.24,269658
04-25-2016,49.08,50.25,48.85,50.21,108475
04-26-2016,50.20,50.70,49.69,50.37,95311
04-27-2016,50.27,50.57,49.17,49.94,127245
04-28-2016,49.85,50.40,49.12,49.22,165345
04-29-2016,49.25,49.37,48.66,48.78,189709
05-02-2016,48.54,49.75,48.46,49.58,241750
05-03-2016,52.05,53.99,51.03,52.35,612071
05-04-2016,52.07,53.05,51.41,51.41,134616
05-05-2016,51.38,52.07,50.29,50.85,157159
05-06-2016,50.78,51.85,50.49,51.44,156644
05-09-2016,51.24,51.97,50.72,51.74,145729
05-10-2016,51.83,52.16,49.17,52.16,171286
05-11-2016,51.99,52.43,51.19,51.51,125356
05-12-2016,51.56,52.08,51.31,51.78,99500
05-13-2016,51.77,52.77,51.36,52.03,177965
05-16-2016,52.01,52.50,51.41,52.10,127569
05-17-2016,51.87,52.01,50.53,51.09,118315
05-18-2016,50.98,51.83,50.92,51.55,192913
05-19-2016,51.18,51.69,50.60,51.12,167241
05-20-2016,51.31,52.07,51.31,51.91,142045
05-23-2016,51.77,52.29,50.84,51.23,97790
05-24-2016,51.26,52.02,51.18,51.77,144567
05-25-2016,51.77,52.24,51.17,51.40,132483
05-26-2016,51.40,51.67,51.22,51.43,110099
05-27-2016,51.26,52.52,51.26,51.79,97992
05-31-2016,51.67,51.97,51.29,51.58,88442
06-01-2016,51.34,52.36,51.34,52.28,139620
06-02-2016,51.92,52.41,51.72,52.41,82679
06-03-2016,52.19,52.76,51.33,52.05,69803
06-06-2016,52.06,52.62,51.96,52.37,90909
06-07-2016,52.29,53.23,52.02,52.33,78088
06-08-2016,52.45,53.15,52.07,53.12,104271
06-09-2016,52.99,53.81,52.08,52.80,74855
06-10-2016,52.60,52.74,52.19,52.44,90600
06-13-2016,52.05,52.50,51.40,51.53,76586
06-14-2016,51.30,51.45,50.85,51.10,71846
06-15-2016,51.36,51.78,50.40,50.41,94516
06-16-2016,49.97,50.63,49.94,50.39,162012
06-17-2016,50.56,50.56,49.55,49.73,288745
06-20-2016,50.20,50.55,49.66,49.69,126886
06-21-2016,49.85,49.85,49.37,49.61,115638
06-22-2016,49.75,50.06,49.49,49.67,133253
06-23-2016,50.16,51.05,49.86,50.60,124026
06-24-2016,49.48,50.14,48.81,49.54,432569
06-27-2016,49.10,49.30,48.11,48.35,307294
06-28-2016,48.64,49.16,48.50,48.80,141974
06-29-2016,49.31,49.81,49.11,49.47,150499
06-30-2016,49.46,50.97,49.41,50.85,167402
07-01-2016,50.90,51.67,50.85,51.14,185798
07-05-2016,51.02,51.34,50.70,51.23,164198
07-06-2016,50.95,51.40,50.60,50.97,191086
07-07-2016,51.12,51.21,50.67,50.89,115291
07-08-2016,51.21,51.24,50.71,51.23,157690
07-11-2016,50.85,51.41,50.81,50.83,138355
07-12-2016,51.25,51.66,50.91,51.49,137523
07-13-2016,51.53,52.24,51.35,51.97,117554
07-14-2016,52.14,52.41,51.74,51.95,137930
07-15-2016,52.21,52.26,51.44,51.74,155623
07-18-2016,51.47,51.93,51.02,51.19,137866
07-19-2016,51.29,51.33,50.76,50.94,173316
07-20-2016,51.09,51.85,50.72,50.95,157304
07-21-2016,50.72,50.84,50.15,50.70,194757
07-22-2016,50.90,51.54,50.88,51.09,83009
07-25-2016,51.23,51.59,51.11,51.17,123810
07-26-2016,51.31,51.92,50.97,51.28,83854
07-27-2016,51.29,51.83,51.27,51.56,64228
07-28-2016,51.44,52.01,51.21,51.63,175533
07-29-2016,51.76,51.76,50.60,50.84,112134
08-01-2016,50.99,51.32,50.50,50.66,79952
08-02-2016,50.51,50.97,50.29,50.50,158041
08-03-2016,54.36,56.48,52.82,53.05,391452
08-04-2016,53.37,54.26,52.93,53.16,131584
08-05-2016,53.45,53.48,53.03,53.37,133088
08-08-2016,53.21,54.24,53.05,53.66,134394
08-09-2016,53.48,53.83,53.48,53.73,65512
08-10-2016,53.64,53.97,53.42,53.77,85342
08-11-2016,54.04,54.08,53.29,53.66,142404
08-12-2016,53.64,54.08,53.51,53.98,113425
08-15-2016,53.86,54.20,53.69,54.12,71825
08-16-2016,53.91,54.41,53.64,54.05,139705
08-17-2016,54.11,54.60,53.81,54.41,113352
08-18-2016,54.47,54.61,54.04,54.58,122387
08-19-2016,54.60,55.12,54.54,54.85,161230
08-22-2016,54.93,55.09,54.42,54.73,125808
08-23-2016,54.65,55.15,54.65,55.06,95585
08-24-2016,55.02,55.73,54.92,55.64,186679
08-25-2016,55.58,55.96,55.40,55.81,81028
08-26-2016,55.83,56.09,55.41,55.78,83054
08-29-2016,55.78,57.01,55.78,56.08,75845
08-30-2016,56.01,56.32,55.85,56.22,127205
08-31-2016,56.08,56.43,55.48,55.81,163574
09-01-2016,55.79,55.86,54.95,55.72,127452
09-02-2016,55.81,56.21,55.14,55.78,170795
09-06-2016,55.65,55.82,55.24,55.72,113603
09-07-2016,55.89,56.40,55.71,56.36,127060
09-08-2016,56.27,56.51,55.99,56.07,119251
09-09-2016,55.70,56.02,54.82,54.82,109842
09-12-2016,54.93,55.49,54.52,55.45,81677
09-13-2016,55.00,55.33,54.71,55.02,149835
09-14-2016,55.09,55.39,54.43,54.53,150786
09-15-2016,54.55,55.15,54.50,55.15,69929
09-16-2016,55.26,55.48,54.93,55.07,380135
09-19-2016,55.02,55.33,54.01,54.60,160834
09-20-2016,54.66,55.16,54.63,54.63,63272
09-21-2016,54.68,55.44,54.34,55.20,75110
09-22-2016,55.24,56.01,54.85,55.96,73886
09-23-2016,55.73,55.73,55.03,55.03,84605
09-26-2016,55.08,55.08,54.34,54.44,86566
09-27-2016,54.40,54.70,54.28,54.59,108894
09-28-2016,54.72,55.67,54.50,55.56,104700
09-29-2016,55.26,55.93,55.07,55.19,129506
09-30-2016,55.26,55.77,54.91,55.50,105084
10-03-2016,55.55,55.80,54.63,54.84,78592
10-04-2016,54.64,55.76,54.07,55.59,191345
10-05-2016,55.58,56.09,55.58,55.86,191988
10-06-2016,56.00,56.00,55.21,55.48,117609
10-07-2016,55.40,56.28,55.40,55.96,75369
10-10-2016,55.99,56.97,55.80,56.89,179582
10-11-2016,56.62,56.69,56.04,56.23,72582
10-12-2016,56.24,56.97,56.24,56.53,59585
10-13-2016,56.36,56.65,55.87,56.56,92640
10-14-2016,56.65,56.92,56.42,56.75,87812
10-17-2016,56.76,56.96,56.61,56.86,79141
10-18-2016,57.05,57.10,56.46,56.86,101699
10-19-2016,56.86,57.10,56.44,57.01,101732
10-20-2016,56.76,56.76,55.43,55.53,176014
10-21-2016,55.09,55.48,54.25,54.84,112006
10-24-2016,55.19,55.43,54.74,55.04,84362
10-25-2016,54.99,55.14,54.64,55.04,55374
10-26-2016,54.94,55.14,54.69,54.74,78818
10-27-2016,54.64,54.69,53.61,54.01,76643
10-28-2016,54.05,54.55,53.51,54.35,74685
10-31-2016,54.35,54.94,54.05,54.69,105593
11-01-2016,54.79,55.09,53.61,53.76,95947
11-02-2016,54.79,56.56,53.96,56.27,182520
11-03-2016,56.37,57.01,56.12,56.91,113191
11-04-2016,56.86,57.20,56.22,57.01,132522
11-07-2016,57.94,57.99,57.20,57.50,133473
11-08-2016,57.20,57.99,57.20,57.74,78022
11-09-2016,57.89,59.07,57.35,58.97,129191
11-10-2016,60.35,61.87,59.46,61.48,232581
11-11-2016,61.73,63.01,61.09,62.81,231797
11-14-2016,63.89,66.50,63.20,64.83,320631
11-15-2016,64.83,65.02,63.35,64.48,281626
11-16-2016,64.48,65.27,62.37,65.22,117085
11-17-2016,64.33,65.22,64.24,64.83,219847
11-18-2016,65.12,65.12,63.15,64.14,180216
11-21-2016,64.14,64.24,63.35,63.55,163971
11-22-2016,63.84,63.84,62.67,63.45,199792
11-23-2016,63.74,63.89,63.25,63.30,187818
11-25-2016,63.45,64.33,63.20,63.99,97610
11-28-2016,63.79,63.84,63.15,63.35,215719
11-29-2016,63.57,63.76,62.78,62.93,133147
11-30-2016,63.27,63.37,62.58,62.63,158504
12-01-2016,62.58,63.76,62.38,62.48,235138
12-02-2016,62.14,62.58,61.74,61.89,141851
12-05-2016,61.99,62.48,61.74,62.04,192111
12-06-2016,62.09,62.43,61.54,62.28,292920
12-07-2016,62.58,62.70,61.69,62.23,260210
12-08-2016,62.53,63.07,62.19,62.93,281951
12-09-2016,62.88,63.99,62.58,63.91,202384
12-12-2016,63.76,64.75,63.76,64.50,129456
12-13-2016,64.50,64.85,63.37,63.91,206700
12-14-2016,64.21,64.26,63.47,63.62,187170
12-15-2016,63.57,64.36,63.32,64.16,193692
12-16-2016,64.41,65.15,64.16,64.80,299292
12-19-2016,64.90,65.39,64.26,64.70,313630
12-20-2016,65.05,65.59,64.55,65.49,87943
12-21-2016,65.54,65.99,65.20,65.74,126515
12-22-2016,65.79,66.08,64.85,65.94,93195
12-23-2016,65.84,66.28,65.15,66.03,53114
12-27-2016,66.18,66.48,65.20,65.84,42307
12-28-2016,65.94,65.94,65.05,65.39,74069
12-29-2016,65.44,65.84,65.00,65.29,63251
12-30-2016,65.34,65.34,64.46,65.05,180073
01-03-2017,65.54,65.69,64.65,65.25,71324
01-04-2017,65.15,66.03,65.15,65.74,69066
01-05-2017,65.69,65.69,64.46,64.55,81415
01-06-2017,64.55,65.00,64.28,64.65,50158
01-09-2017,64.41,64.41,63.17,63.27,85502
01-10-2017,63.17,64.16,63.07,64.11,93534
01-11-2017,63.86,64.50,63.86,64.36,56654
01-12-2017,64.16,64.16,62.63,63.37,71838
01-13-2017,63.67,64.46,63.37,63.67,111661
01-17-2017,63.32,63.62,62.93,63.27,135581
01-18-2017,62.28,63.86,62.28,63.62,104802
01-19-2017,63.67,63.81,62.53,62.97,68113
01-20-2017,62.68,63.47,62.68,63.37,86790
01-23-2017,63.42,64.11,63.22,63.86,93532
01-24-2017,64.11,64.60,63.07,64.41,123776
01-25-2017,64.85,65.39,64.31,64.75,186847
01-26-2017,64.80,65.29,64.46,65.05,63487
01-27-2017,65.00,65.00,64.21,64.65,79734
01-30-2017,64.21,64.70,63.32,63.52,64100
01-31-2017,63.17,63.57,62.58,63.12,157234
02-01-2017,63.57,63.81,63.07,63.07,87429
02-02-2017,63.12,64.06,63.07,63.57,61488
02-03-2017,64.06,64.31,63.47,64.26,64774
02-06-2017,64.31,64.70,63.52,63.57,97810
02-07-2017,63.86,64.01,63.27,63.42,57646
02-08-2017,63.62,63.62,62.73,62.97,57529
02-09-2017,63.22,64.21,62.97,63.96,105641
02-10-2017,64.36,64.46,63.86,64.36,48283
02-13-2017,64.55,65.15,64.16,65.10,107933
02-14-2017,64.11,66.92,62.78,66.63,215664
02-15-2017,66.28,66.28,64.70,65.54,275633
02-16-2017,65.69,66.63,65.64,66.63,151328
02-17-2017,66.78,66.87,65.22,65.74,102542
02-21-2017,65.89,66.38,65.34,66.33,106882
02-22-2017,66.18,67.07,66.18,67.02,78693
02-23-2017,67.17,67.86,66.78,67.56,95298
02-24-2017,67.27,67.86,66.68,66.97,100033
02-27-2017,66.92,67.12,66.23,66.36,96020
02-28-2017,66.28,66.33,65.74,66.08,119697
03-01-2017,66.50,68.41,66.50,68.19,188710
03-02-2017,68.23,68.28,67.54,67.59,83199
03-03-2017,67.89,67.94,66.85,67.05,86541
03-06-2017,66.60,66.77,66.25,66.45,67016
03-07-2017,66.35,66.75,65.86,66.65,100932
03-08-2017,67.00,67.03,66.25,66.60,120704
03-09-2017,66.85,67.24,66.45,66.65,121320
03-10-2017,67.14,67.69,66.19,67.05,127972
03-13-2017,66.95,67.39,66.35,66.65,93862
03-14-2017,66.50,66.90,65.86,66.70,129540
03-15-2017,67.10,67.79,66.20,67.14,186495
03-16-2017,67.24,67.34,66.20,66.60,108939
03-17-2017,66.30,66.85,65.81,66.60,395809
03-20-2017,66.60,66.80,65.81,65.86,60082
03-21-2017,66.20,66.20,64.67,64.77,98443
03-22-2017,64.67,64.91,64.07,64.52,83561
03-23-2017,64.32,65.41,63.75,65.06,76316
03-24-2017,65.26,65.31,64.84,64.96,80257
03-27-2017,64.17,65.01,64.02,64.82,59973
03-28-2017,64.47,65.46,64.47,65.21,69373
03-29-2017,64.87,65.16,64.47,65.11,75343
03-30-2017,65.21,66.40,65.21,66.15,106059
03-31-2017,66.10,67.54,65.05,67.19,241634
04-03-2017,67.05,67.49,66.80,67.07,243424
04-04-2017,67.05,67.74,66.65,66.85,76294
04-05-2017,67.14,67.32,65.61,65.71,131909
04-06-2017,65.61,65.66,64.91,65.56,64314
04-07-2017,65.46,65.51,64.87,64.91,70358
04-10-2017,65.06,65.36,64.62,65.31,53574
04-11-2017,64.96,66.00,64.96,65.91,53863
04-12-2017,65.71,65.76,64.02,65.01,45149
04-13-2017,64.87,65.25,63.82,63.82,65868
04-17-2017,63.97,65.05,63.73,64.91,80299
04-18-2017,64.67,64.77,64.07,64.77,75396
04-19-2017,64.77,65.31,64.62,64.77,75104
04-20-2017,64.87,65.21,64.42,64.62,150416
04-21-2017,64.37,65.26,64.32,64.57,111274
04-24-2017,65.41,65.86,65.11,65.86,181859
04-25-2017,66.25,66.75,65.96,66.05,175955
04-26-2017,66.05,68.09,65.66,67.49,167319
04-27-2017,67.74,67.84,66.95,67.05,87982
04-28-2017,67.10,67.24,65.26,65.36,144056
05-01-2017,65.51,65.96,65.26,65.86,82276
05-02-2017,66.00,66.10,65.31,65.61,66617
05-03-2017,65.51,66.10,64.82,64.96,91241
05-04-2017,65.81,66.50,64.12,65.61,87658
05-05-2017,65.91,66.25,64.72,64.87,76803
05-08-2017,64.87,65.11,64.12,64.67,155792
05-09-2017,64.62,65.16,64.62,64.91,170796
05-10-2017,64.77,65.29,64.77,65.21,161281
05-11-2017,65.11,65.21,64.52,64.77,163843
05-12-2017,64.52,64.52,63.13,63.23,171965
05-15-2017,63.38,64.02,63.33,63.53,95703
05-16-2017,63.63,63.63,62.14,62.44,238123
05-17-2017,61.55,61.74,60.31,60.75,290457
05-18-2017,60.70,61.64,60.55,61.00,140351
05-19-2017,60.85,61.50,60.80,61.30,189975
05-22-2017,61.35,62.04,60.60,60.95,104839
05-23-2017,61.05,61.59,60.75,61.55,147939
05-24-2017,61.74,62.19,61.35,61.74,175286
05-25-2017,61.89,62.19,61.31,61.64,58592
05-26-2017,61.74,62.04,61.29,62.04,73715
05-30-2017,61.84,61.94,61.05,61.45,64116
05-31-2017,61.55,61.89,60.75,61.35,60904
06-01-2017,61.45,61.94,61.10,61.94,84805
06-02-2017,61.94,62.93,61.94,62.14,130306
06-05-2017,61.99,61.99,60.00,61.10,83631
06-06-2017,60.65,60.95,58.82,59.86,148981
06-07-2017,59.96,60.70,59.76,60.16,297296
06-08-2017,60.13,61.32,59.93,60.82,137084
06-09-2017,61.07,61.77,60.28,61.32,174788
06-12-2017,61.32,62.17,55.95,60.72,107307
06-13-2017,60.82,61.22,60.48,61.12,84970
06-14-2017,61.02,61.02,60.33,60.68,72313
06-15-2017,60.43,60.92,60.10,60.92,82303
06-16-2017,60.48,60.82,59.83,60.63,172546
06-19-2017,60.48,61.02,59.73,59.83,72954
06-20-2017,59.68,59.88,59.33,59.43,73879
06-21-2017,59.48,59.73,58.88,59.03,68871
06-22-2017,59.08,59.08,58.58,58.78,54493
06-23-2017,58.83,59.51,58.68,59.08,170377
06-26-2017,59.38,59.63,58.78,59.03,90934
06-27-2017,58.98,59.48,58.93,59.08,109449
06-28-2017,59.38,60.18,59.11,60.18,75506
06-29-2017,60.53,61.87,59.93,60.58,143236
06-30-2017,60.53,63.36,60.05,60.33,84391
07-03-2017,60.92,64.66,60.72,61.27,48319
07-05-2017,61.27,61.32,59.68,60.33,98711
07-06-2017,60.13,60.58,58.93,60.48,104688
07-07-2017,60.63,61.42,60.38,61.37,87074
07-10-2017,61.27,61.27,60.18,60.53,128882
07-11-2017,60.63,60.63,59.68,60.38,125083
07-12-2017,60.63,61.02,60.18,60.58,47330
07-13-2017,60.53,60.53,59.83,60.48,85615
07-14-2017,60.18,60.48,59.98,60.08,91170
07-17-2017,59.78,60.43,59.58,60.08,86827
07-18-2017,59.73,60.18,59.28,60.13,127576
07-19-2017,60.33,61.17,60.23,60.68,103905
07-20-2017,60.63,60.92,60.18,60.58,153449
07-21-2017,60.87,60.87,59.83,60.13,155494
07-24-2017,59.88,60.43,59.48,60.23,94457
07-25-2017,60.53,60.97,60.48,60.97,133133
07-26-2017,61.12,61.30,60.18,60.28,103239
07-27-2017,60.33,60.33,58.63,58.88,134265
07-28-2017,58.83,59.83,58.83,59.83,102879
07-31-2017,60.08,60.08,59.38,59.68,85691
08-01-2017,60.03,60.03,59.33,59.98,76376
08-02-2017,59.98,60.63,59.13,59.73,69646
08-03-2017,59.63,60.08,59.53,59.68,63624
08-04-2017,59.83,59.83,59.38,59.58,79404
08-07-2017,59.53,59.93,58.68,59.93,117117
08-08-2017,64.71,64.71,59.03,59.08,245677
08-09-2017,58.78,58.78,57.84,58.24,164528
08-10-2017,58.19,59.33,58.04,59.03,111350
08-11-2017,59.13,59.83,58.14,58.88,98125
08-14-2017,59.23,60.38,59.13,60.08,161088
08-15-2017,60.18,60.43,59.48,59.78,90718
08-16-2017,60.08,60.53,59.13,60.03,74145
08-17-2017,59.83,60.13,59.38,59.48,88781
08-18-2017,59.18,60.43,58.77,60.23,119501
08-21-2017,59.98,60.13,59.33,60.03,67910
08-22-2017,60.28,60.68,59.73,59.93,70784
08-23-2017,59.63,60.33,59.23,60.03,110089
08-24-2017,60.13,60.43,59.18,59.93,256553
08-25-2017,60.18,60.58,59.53,60.28,177249
08-28-2017,60.38,60.38,58.88,59.78,113926
08-29-2017,59.43,60.08,58.36,59.63,101582
08-30-2017,59.45,60.05,59.40,60.00,128250
08-31-2017,60.10,60.65,60.10,60.20,180874
09-01-2017,61.65,61.65,60.35,60.65,128202
09-05-2017,60.55,60.65,57.80,57.85,141941
09-06-2017,57.90,59.70,57.50,58.65,142989
09-07-2017,58.55,58.55,56.25,56.50,207198
09-08-2017,56.15,58.65,56.15,57.55,291603
09-11-2017,58.30,60.35,58.30,59.55,174959
09-12-2017,59.50,60.20,59.10,59.45,150943
09-13-2017,59.20,60.45,58.85,60.45,139655
09-14-2017,60.15,60.75,59.90,60.15,154049
09-15-2017,60.20,61.20,59.25,61.10,184967
09-18-2017,61.35,61.35,60.50,60.70,98422
09-19-2017,60.60,61.55,60.60,60.85,61509
09-20-2017,60.85,61.10,60.40,60.50,118627
09-21-2017,60.55,61.75,60.50,60.60,116452
09-22-2017,61.00,61.15,60.30,60.80,171207
09-25-2017,60.65,61.30,60.60,60.90,122722
09-26-2017,60.85,60.90,60.50,60.75,106598
09-27-2017,61.05,61.40,60.40,61.35,160848
09-28-2017,61.35,61.80,60.80,61.80,86935
