Date,Open,High,Low,Close,Volume
01-02-1992,-2.58,-2.53,-2.63,-2.54,0
01-03-1992,-2.70,-2.67,-2.72,-2.68,0
01-06-1992,-2.77,-2.67,-2.81,-2.69,0
01-07-1992,-2.60,-2.58,-2.65,-2.61,0
01-08-1992,-2.73,-2.63,-2.73,-2.65,0
01-09-1992,-2.57,-2.52,-2.59,-2.59,0
01-10-1992,-2.52,-2.49,-2.59,-2.55,0
01-13-1992,-2.56,-2.51,-2.57,-2.53,0
01-14-1992,-2.52,-2.49,-2.56,-2.51,0
01-15-1992,-2.67,-2.54,-2.69,-2.54,0
01-16-1992,-2.47,-2.40,-2.47,-2.42,0
01-17-1992,-2.42,-2.39,-2.42,-2.41,0
01-20-1992,-2.42,-2.42,-2.47,-2.43,0
01-21-1992,-2.42,-2.42,-2.54,-2.51,0
01-22-1992,-2.49,-2.39,-2.54,-2.39,0
01-23-1992,-2.39,-2.32,-2.42,-2.38,0
01-24-1992,-2.47,-2.41,-2.47,-2.46,0
01-27-1992,-2.38,-2.37,-2.44,-2.39,0
01-28-1992,-2.39,-2.39,-2.41,-2.40,0
01-29-1992,-2.41,-2.37,-2.45,-2.45,0
01-30-1992,-2.45,-2.41,-2.45,-2.44,0
01-31-1992,-2.43,-2.43,-2.49,-2.49,0
02-03-1992,-2.49,-2.44,-2.49,-2.44,0
02-04-1992,-2.43,-2.32,-2.43,-2.34,0
02-05-1992,-2.35,-2.33,-2.39,-2.37,0
02-06-1992,-2.37,-2.33,-2.39,-2.36,0
02-07-1992,-2.36,-2.34,-2.41,-2.39,0
02-10-1992,-2.40,-2.35,-2.40,-2.36,0
02-11-1992,-2.27,-2.26,-2.28,-2.26,0
02-12-1992,-2.27,-2.22,-2.27,-2.24,0
02-13-1992,-2.31,-2.31,-2.38,-2.36,0
02-14-1992,-2.37,-2.35,-2.38,-2.38,0
02-18-1992,-2.30,-2.23,-2.31,-2.29,0
02-19-1992,-2.45,-2.38,-2.45,-2.39,0
02-20-1992,-2.30,-2.24,-2.31,-2.24,0
02-21-1992,-2.24,-2.24,-2.27,-2.24,0
02-24-1992,-2.26,-2.24,-2.28,-2.26,0
02-25-1992,-2.19,-2.18,-2.22,-2.19,0
02-26-1992,-2.20,-2.19,-2.21,-2.20,0
02-27-1992,-2.21,-2.21,-2.24,-2.22,0
02-28-1992,-2.21,-2.19,-2.27,-2.26,0
03-02-1992,-2.37,-2.35,-2.40,-2.38,0
03-03-1992,-2.39,-2.37,-2.39,-2.39,0
03-04-1992,-2.40,-2.40,-2.48,-2.46,0
03-05-1992,-2.47,-2.47,-2.54,-2.52,0
03-06-1992,-2.53,-2.51,-2.53,-2.53,0
03-09-1992,-2.54,-2.53,-2.54,-2.54,0
03-10-1992,-2.54,-2.46,-2.54,-2.47,0
03-11-1992,-2.56,-2.56,-2.59,-2.59,0
03-12-1992,-2.52,-2.49,-2.52,-2.51,0
03-13-1992,-2.49,-2.48,-2.52,-2.49,0
03-16-1992,-2.38,-2.35,-2.40,-2.38,0
03-17-1992,-2.36,-2.34,-2.39,-2.35,0
03-18-1992,-2.42,-2.42,-2.44,-2.42,0
03-19-1992,-2.33,-2.33,-2.35,-2.33,0
03-20-1992,-2.32,-2.27,-2.32,-2.29,0
03-23-1992,-2.39,-2.34,-2.39,-2.37,0
03-24-1992,-2.37,-2.37,-2.39,-2.39,0
03-25-1992,-2.28,-2.22,-2.28,-2.27,0
03-26-1992,-2.27,-2.24,-2.27,-2.25,0
03-27-1992,-2.25,-2.23,-2.26,-2.26,0
03-30-1992,-2.26,-2.23,-2.26,-2.26,0
03-31-1992,-2.26,-2.24,-2.26,-2.26,0
04-01-1992,-2.26,-2.25,-2.28,-2.27,0
04-02-1992,-2.28,-2.26,-2.32,-2.32,0
04-03-1992,-2.40,-2.39,-2.47,-2.44,0
04-06-1992,-2.37,-2.28,-2.37,-2.29,0
04-07-1992,-2.30,-2.30,-2.37,-2.37,0
04-08-1992,-2.42,-2.41,-2.46,-2.43,0
04-09-1992,-2.42,-2.36,-2.43,-2.38,0
04-10-1992,-2.37,-2.36,-2.45,-2.45,0
04-13-1992,-2.45,-2.41,-2.45,-2.42,0
04-14-1992,-2.37,-2.33,-2.40,-2.35,0
04-15-1992,-2.42,-2.41,-2.46,-2.44,0
04-16-1992,-2.28,-2.26,-2.29,-2.26,0
04-20-1992,-2.27,-2.26,-2.34,-2.30,0
04-21-1992,-2.06,-1.93,-2.07,-1.96,0
04-22-1992,-2.08,-1.87,-2.09,-1.92,0
04-23-1992,-1.93,-1.90,-2.01,-1.95,0
04-24-1992,-2.03,-2.02,-2.06,-2.05,0
04-27-1992,-2.06,-2.00,-2.06,-2.01,0
04-28-1992,-1.93,-1.93,-1.97,-1.94,0
04-29-1992,-1.94,-1.87,-1.94,-1.92,0
04-30-1992,-1.90,-1.90,-1.95,-1.94,0
05-01-1992,-1.95,-1.92,-2.01,-1.99,0
05-04-1992,-1.99,-1.95,-2.01,-1.96,0
05-05-1992,-1.97,-1.93,-1.98,-1.96,0
05-06-1992,-1.96,-1.93,-1.96,-1.96,0
05-07-1992,-1.96,-1.90,-1.96,-1.92,0
05-08-1992,-1.91,-1.84,-1.91,-1.85,0
05-11-1992,-1.86,-1.70,-1.87,-1.70,0
05-12-1992,-1.79,-1.79,-1.88,-1.86,0
05-13-1992,-1.86,-1.86,-1.92,-1.89,0
05-14-1992,-1.98,-1.98,-2.03,-2.00,0
05-15-1992,-1.95,-1.93,-1.99,-1.95,0
05-18-1992,-1.95,-1.93,-1.98,-1.95,0
05-19-1992,-1.97,-1.89,-2.02,-1.89,0
05-20-1992,-1.90,-1.84,-1.92,-1.86,0
05-21-1992,-1.87,-1.87,-1.90,-1.88,0
05-22-1992,-1.88,-1.85,-1.88,-1.86,0
05-26-1992,-1.89,-1.89,-1.98,-1.98,0
05-27-1992,-1.99,-1.94,-2.00,-1.95,0
05-28-1992,-2.03,-2.03,-2.09,-2.09,0
05-29-1992,-2.09,-2.02,-2.09,-2.07,0
06-01-1992,-1.99,-1.98,-2.02,-1.98,0
06-02-1992,-2.14,-2.11,-2.14,-2.13,0
06-03-1992,-2.06,-2.01,-2.06,-2.03,0
06-04-1992,-2.04,-2.03,-2.05,-2.05,0
06-05-1992,-2.15,-2.15,-2.23,-2.19,0
06-08-1992,-2.10,-2.07,-2.12,-2.10,0
06-09-1992,-2.09,-2.09,-2.17,-2.17,0
06-10-1992,-2.18,-2.18,-2.27,-2.27,0
06-11-1992,-2.26,-2.20,-2.26,-2.21,0
06-12-1992,-2.29,-2.27,-2.33,-2.30,0
06-15-1992,-2.15,-2.14,-2.17,-2.16,0
06-16-1992,-2.16,-2.14,-2.20,-2.20,0
06-17-1992,-2.21,-2.20,-2.31,-2.31,0
06-18-1992,-2.30,-2.25,-2.34,-2.29,0
06-19-1992,-2.37,-2.32,-2.40,-2.39,0
06-22-1992,-2.32,-2.32,-2.39,-2.34,0
06-23-1992,-2.41,-2.37,-2.41,-2.40,0
06-24-1992,-2.34,-2.31,-2.34,-2.32,0
06-25-1992,-2.32,-2.26,-2.32,-2.29,0
06-26-1992,-2.29,-2.23,-2.29,-2.25,0
06-29-1992,-2.24,-2.19,-2.24,-2.20,0
06-30-1992,-2.20,-2.12,-2.20,-2.18,0
07-01-1992,-2.18,-2.15,-2.20,-2.20,0
07-02-1992,-2.25,-2.22,-2.27,-2.23,0
07-06-1992,-2.24,-2.24,-2.28,-2.28,0
07-07-1992,-2.29,-2.26,-2.30,-2.30,0
07-08-1992,-2.31,-2.31,-2.37,-2.34,0
07-09-1992,-2.26,-2.23,-2.29,-2.24,0
07-10-1992,-2.28,-2.21,-2.28,-2.24,0
07-13-1992,-2.24,-2.23,-2.30,-2.30,0
07-14-1992,-2.32,-2.31,-2.35,-2.34,0
07-15-1992,-2.33,-2.33,-2.38,-2.35,0
07-16-1992,-2.38,-2.36,-2.42,-2.38,0
07-17-1992,-2.28,-2.27,-2.32,-2.28,0
07-20-1992,-2.40,-2.29,-2.41,-2.31,0
07-21-1992,-2.41,-2.37,-2.44,-2.39,0
07-22-1992,-2.32,-2.32,-2.35,-2.35,0
07-23-1992,-2.34,-2.33,-2.35,-2.35,0
07-24-1992,-2.37,-2.37,-2.40,-2.38,0
07-27-1992,-2.38,-2.36,-2.38,-2.36,0
07-28-1992,-2.35,-2.34,-2.39,-2.38,0
07-29-1992,-2.37,-2.37,-2.42,-2.39,0
07-30-1992,-2.39,-2.34,-2.39,-2.35,0
07-31-1992,-2.34,-2.34,-2.37,-2.36,0
08-03-1992,-2.36,-2.36,-2.41,-2.40,0
08-04-1992,-2.23,-2.23,-2.25,-2.24,0
08-05-1992,-2.33,-2.33,-2.35,-2.35,0
08-06-1992,-2.34,-2.34,-2.37,-2.35,0
08-07-1992,-2.44,-2.39,-2.44,-2.40,0
08-10-1992,-2.32,-2.29,-2.32,-2.30,0
08-11-1992,-2.39,-2.37,-2.40,-2.39,0
08-12-1992,-2.40,-2.31,-2.40,-2.35,0
08-13-1992,-2.35,-2.32,-2.35,-2.34,0
08-14-1992,-2.42,-2.38,-2.42,-2.41,0
08-17-1992,-2.24,-2.21,-2.24,-2.23,0
08-18-1992,-2.23,-2.23,-2.27,-2.26,0
08-19-1992,-2.35,-2.35,-2.41,-2.41,0
08-20-1992,-2.32,-2.25,-2.35,-2.28,0
08-21-1992,-2.40,-2.40,-2.45,-2.43,0
08-24-1992,-2.44,-2.43,-2.48,-2.48,0
08-25-1992,-2.39,-2.39,-2.41,-2.40,0
08-26-1992,-2.39,-2.37,-2.41,-2.38,0
08-27-1992,-2.35,-2.33,-2.36,-2.35,0
08-28-1992,-2.35,-2.35,-2.36,-2.35,0
08-31-1992,-2.35,-2.35,-2.40,-2.39,0
09-01-1992,-2.49,-2.47,-2.49,-2.48,0
09-02-1992,-2.47,-2.43,-2.48,-2.44,0
09-03-1992,-2.36,-2.34,-2.39,-2.39,0
09-04-1992,-2.39,-2.36,-2.39,-2.39,0
09-08-1992,-2.38,-2.37,-2.45,-2.45,0
09-09-1992,-2.45,-2.45,-2.47,-2.45,0
09-10-1992,-2.43,-2.39,-2.45,-2.40,0
09-11-1992,-2.39,-2.39,-2.43,-2.43,0
09-14-1992,-2.39,-2.37,-2.41,-2.39,0
09-15-1992,-2.39,-2.39,-2.43,-2.43,0
09-16-1992,-2.52,-2.47,-2.54,-2.51,0
09-17-1992,-2.51,-2.49,-2.52,-2.52,0
09-18-1992,-2.42,-2.41,-2.43,-2.41,0
09-21-1992,-2.50,-2.47,-2.50,-2.48,0
09-22-1992,-2.48,-2.48,-2.52,-2.51,0
09-23-1992,-2.53,-2.53,-2.55,-2.54,0
09-24-1992,-2.55,-2.53,-2.56,-2.54,0
09-25-1992,-2.45,-2.45,-2.48,-2.47,0
09-28-1992,-2.48,-2.45,-2.48,-2.45,0
09-29-1992,-2.28,-2.23,-2.28,-2.23,0
09-30-1992,-2.39,-2.38,-2.41,-2.39,0
10-01-1992,-2.47,-2.47,-2.51,-2.51,0
10-02-1992,-2.51,-2.51,-2.55,-2.53,0
10-05-1992,-2.47,-2.46,-2.54,-2.47,0
10-06-1992,-2.47,-2.45,-2.52,-2.52,0
10-07-1992,-2.52,-2.52,-2.59,-2.59,0
10-08-1992,-2.66,-2.62,-2.67,-2.66,0
10-09-1992,-2.57,-2.57,-2.63,-2.62,0
10-12-1992,-2.71,-2.64,-2.71,-2.65,0
10-13-1992,-2.57,-2.53,-2.60,-2.57,0
10-14-1992,-2.58,-2.56,-2.62,-2.59,0
10-15-1992,-2.60,-2.55,-2.61,-2.58,0
10-16-1992,-2.51,-2.47,-2.53,-2.48,0
10-19-1992,-2.56,-2.48,-2.56,-2.51,0
10-20-1992,-2.51,-2.45,-2.57,-2.54,0
10-21-1992,-2.37,-2.36,-2.40,-2.37,0
10-22-1992,-2.45,-2.44,-2.49,-2.45,0
10-23-1992,-2.43,-2.40,-2.43,-2.42,0
10-26-1992,-2.40,-2.28,-2.41,-2.28,0
10-27-1992,-2.29,-2.23,-2.29,-2.25,0
10-28-1992,-2.24,-2.24,-2.29,-2.24,0
10-29-1992,-2.23,-2.17,-2.23,-2.18,0
10-30-1992,-2.18,-2.18,-2.23,-2.23,0
11-02-1992,-2.24,-2.22,-2.24,-2.23,0
11-03-1992,-2.31,-2.29,-2.33,-2.32,0
11-04-1992,-2.33,-2.32,-2.37,-2.34,0
11-05-1992,-2.35,-2.31,-2.35,-2.31,0
11-06-1992,-2.39,-2.36,-2.40,-2.36,0
11-09-1992,-2.37,-2.35,-2.39,-2.36,0
11-10-1992,-2.28,-2.20,-2.28,-2.21,0
11-11-1992,-2.30,-2.26,-2.33,-2.27,0
11-12-1992,-2.26,-2.26,-2.29,-2.28,0
11-13-1992,-2.29,-2.28,-2.30,-2.30,0
11-16-1992,-2.29,-2.29,-2.34,-2.34,0
11-17-1992,-2.25,-2.24,-2.28,-2.27,0
11-18-1992,-2.45,-2.36,-2.45,-2.37,0
11-19-1992,-2.39,-2.38,-2.43,-2.42,0
11-20-1992,-2.24,-2.23,-2.26,-2.26,0
11-23-1992,-2.35,-2.27,-2.35,-2.28,0
11-24-1992,-2.37,-2.36,-2.40,-2.40,0
11-25-1992,-2.38,-2.31,-2.38,-2.31,0
11-27-1992,-2.31,-2.24,-2.31,-2.27,0
11-30-1992,-2.17,-2.17,-2.22,-2.18,0
12-01-1992,-2.21,-2.16,-2.22,-2.21,0
12-02-1992,-2.23,-2.23,-2.26,-2.25,0
12-03-1992,-2.18,-2.15,-2.19,-2.17,0
12-04-1992,-2.17,-2.16,-2.19,-2.18,0
12-07-1992,-2.18,-2.15,-2.20,-2.17,0
12-08-1992,-2.17,-2.12,-2.17,-2.12,0
12-09-1992,-2.10,-1.98,-2.11,-2.03,0
12-10-1992,-2.05,-2.04,-2.08,-2.05,0
12-11-1992,-2.05,-2.04,-2.08,-2.08,0
12-14-1992,-2.09,-2.00,-2.09,-2.04,0
12-15-1992,-2.06,-2.04,-2.07,-2.06,0
12-16-1992,-2.07,-2.07,-2.15,-2.15,0
12-17-1992,-2.14,-2.13,-2.20,-2.17,0
12-18-1992,-2.15,-2.15,-2.17,-2.17,0
12-21-1992,-2.17,-2.13,-2.19,-2.14,0
12-22-1992,-2.14,-2.13,-2.16,-2.14,0
12-23-1992,-2.04,-2.04,-2.09,-2.09,0
12-24-1992,-2.09,-2.07,-2.09,-2.08,0
12-28-1992,-2.09,-2.09,-2.12,-2.09,0
12-29-1992,-2.09,-2.04,-2.09,-2.07,0
12-30-1992,-2.15,-2.15,-2.16,-2.15,0
12-31-1992,-2.14,-2.11,-2.14,-2.12,0
01-04-1993,-2.13,-2.13,-2.17,-2.14,0
01-05-1993,-2.14,-2.14,-2.16,-2.15,0
01-06-1993,-2.15,-2.14,-2.15,-2.15,0
01-07-1993,-2.05,-1.99,-2.06,-2.05,0
01-08-1993,-2.14,-2.09,-2.15,-2.09,0
01-11-1993,-2.01,-1.98,-2.01,-1.98,0
01-12-1993,-2.06,-2.02,-2.06,-2.03,0
01-13-1993,-1.95,-1.90,-1.95,-1.91,0
01-14-1993,-1.90,-1.85,-1.90,-1.85,0
01-15-1993,-1.93,-1.79,-1.93,-1.82,0
01-18-1993,-1.81,-1.72,-1.81,-1.79,0
01-19-1993,-1.79,-1.31,-1.81,-1.35,0
01-20-1993,-1.40,-1.34,-1.44,-1.41,0
01-21-1993,-1.44,-1.35,-1.50,-1.38,0
01-22-1993,-1.46,-1.44,-1.48,-1.47,0
01-25-1993,-1.40,-1.35,-1.40,-1.38,0
01-26-1993,-1.47,-1.43,-1.48,-1.45,0
01-27-1993,-1.54,-1.48,-1.55,-1.50,0
01-28-1993,-1.63,-1.61,-1.64,-1.63,0
01-29-1993,-1.47,-1.47,-1.55,-1.53,0
02-01-1993,-1.64,-1.61,-1.64,-1.61,0
02-02-1993,-1.63,-1.61,-1.64,-1.63,0
02-03-1993,-1.62,-1.62,-1.72,-1.67,0
02-04-1993,-1.49,-1.49,-1.57,-1.52,0
02-05-1993,-1.44,-1.34,-1.44,-1.42,0
02-08-1993,-1.42,-1.39,-1.42,-1.40,0
02-09-1993,-1.48,-1.48,-1.54,-1.51,0
02-10-1993,-1.43,-1.41,-1.44,-1.43,0
02-11-1993,-1.69,-1.62,-1.69,-1.67,0
02-12-1993,-1.59,-1.59,-1.64,-1.64,0
02-16-1993,-1.64,-1.64,-1.74,-1.74,0
02-17-1993,-1.82,-1.79,-1.90,-1.87,0
02-18-1993,-1.73,-1.72,-1.81,-1.73,0
02-19-1993,-1.81,-1.69,-1.83,-1.72,0
02-22-1993,-1.64,-1.59,-1.64,-1.59,0
02-23-1993,-1.59,-1.56,-1.62,-1.61,0
02-24-1993,-1.69,-1.61,-1.72,-1.61,0
02-25-1993,-1.61,-1.36,-1.61,-1.36,0
02-26-1993,-1.30,-1.30,-1.41,-1.39,0
03-01-1993,-1.38,-1.31,-1.38,-1.32,0
03-02-1993,-1.39,-1.38,-1.47,-1.41,0
03-03-1993,-1.30,-1.27,-1.32,-1.29,0
03-04-1993,-1.36,-1.36,-1.44,-1.41,0
03-05-1993,-1.41,-1.40,-1.46,-1.46,0
03-08-1993,-1.32,-1.21,-1.33,-1.22,0
03-09-1993,-1.12,-0.99,-1.16,-1.03,0
03-10-1993,-1.12,-1.02,-1.12,-1.08,0
03-11-1993,-1.01,-1.01,-1.07,-1.04,0
03-12-1993,-1.04,-1.04,-1.11,-1.07,0
03-15-1993,-1.24,-1.19,-1.24,-1.22,0
03-16-1993,-1.22,-1.17,-1.23,-1.20,0
03-17-1993,-1.20,-1.20,-1.30,-1.28,0
03-18-1993,-1.27,-1.23,-1.32,-1.31,0
03-19-1993,-1.29,-1.29,-1.36,-1.34,0
03-22-1993,-1.28,-1.15,-1.29,-1.16,0
03-23-1993,-1.17,-1.11,-1.17,-1.11,0
03-24-1993,-1.12,-1.12,-1.20,-1.20,0
03-25-1993,-1.21,-1.15,-1.22,-1.16,0
03-26-1993,-1.25,-1.23,-1.28,-1.28,0
03-29-1993,-1.11,-1.06,-1.11,-1.09,0
03-30-1993,-1.15,-1.12,-1.18,-1.15,0
03-31-1993,-1.22,-1.19,-1.23,-1.19,0
04-01-1993,-1.20,-1.18,-1.23,-1.21,0
04-02-1993,-1.22,-1.22,-1.34,-1.31,0
04-05-1993,-1.22,-1.21,-1.27,-1.25,0
04-06-1993,-1.26,-1.21,-1.27,-1.26,0
04-07-1993,-1.33,-1.22,-1.37,-1.23,0
04-08-1993,-1.12,-1.04,-1.12,-1.08,0
04-12-1993,-1.131,-0.962,-1.131,-0.966,0
04-13-1993,-0.891,-0.827,-0.899,-0.865,0
04-14-1993,-0.96,-0.93,-1.03,-1.03,0
04-15-1993,-0.979,-0.958,-1.034,-0.992,0
04-16-1993,-0.966,-0.805,-0.979,-0.809,0
04-19-1993,-0.641,-0.472,-0.680,-0.662,0
04-20-1993,-0.680,-0.680,-0.895,-0.849,0
04-21-1993,-0.933,-0.882,-0.958,-0.945,0
04-22-1993,-0.941,-0.861,-0.971,-0.908,0
04-23-1993,-0.93,-0.93,-1.14,-1.11,0
04-26-1993,-1.07,-1.03,-1.27,-1.23,0
04-27-1993,-1.23,-1.07,-1.23,-1.09,0
04-28-1993,-1.17,-1.12,-1.23,-1.19,0
04-29-1993,-1.01,-1.00,-1.14,-1.05,0
04-30-1993,-1.14,-1.07,-1.14,-1.12,0
05-03-1993,-1.20,-1.18,-1.25,-1.24,0
05-04-1993,-1.24,-1.13,-1.25,-1.15,0
05-05-1993,-1.17,-1.11,-1.22,-1.22,0
05-06-1993,-1.13,-1.09,-1.16,-1.09,0
05-07-1993,-1.19,-1.17,-1.21,-1.20,0
05-10-1993,-1.20,-1.16,-1.24,-1.24,0
05-11-1993,-1.23,-1.14,-1.24,-1.14,0
05-12-1993,-1.08,-1.05,-1.10,-1.09,0
05-13-1993,-1.19,-1.19,-1.28,-1.25,0
05-14-1993,-1.27,-1.27,-1.37,-1.34,0
05-17-1993,-1.34,-1.29,-1.42,-1.31,0
05-18-1993,-1.23,-1.15,-1.26,-1.23,0
05-19-1993,-1.31,-1.20,-1.41,-1.22,0
05-20-1993,-1.20,-1.17,-1.28,-1.25,0
05-21-1993,-1.10,-1.06,-1.18,-1.18,0
05-24-1993,-1.15,-1.10,-1.15,-1.11,0
05-25-1993,-1.18,-1.17,-1.21,-1.20,0
05-26-1993,-1.27,-1.16,-1.27,-1.16,0
05-27-1993,-1.16,-1.14,-1.23,-1.14,0
05-28-1993,-1.07,-1.07,-1.13,-1.13,0
06-01-1993,-1.30,-1.29,-1.34,-1.30,0
06-02-1993,-1.28,-1.25,-1.29,-1.25,0
06-03-1993,-1.27,-1.26,-1.30,-1.26,0
06-04-1993,-1.21,-1.21,-1.38,-1.37,0
06-07-1993,-1.29,-1.29,-1.46,-1.46,0
06-08-1993,-1.35,-1.28,-1.36,-1.35,0
06-09-1993,-1.38,-1.33,-1.39,-1.36,0
06-10-1993,-1.36,-1.34,-1.40,-1.35,0
06-11-1993,-1.26,-1.20,-1.31,-1.22,0
06-14-1993,-1.14,-1.11,-1.18,-1.18,0
06-15-1993,-1.25,-1.23,-1.33,-1.32,0
06-16-1993,-1.32,-1.30,-1.37,-1.37,0
06-17-1993,-1.36,-1.28,-1.37,-1.29,0
06-18-1993,-1.29,-1.27,-1.33,-1.29,0
06-21-1993,-1.28,-1.20,-1.30,-1.20,0
06-22-1993,-1.17,-1.12,-1.17,-1.12,0
06-23-1993,-1.15,-1.14,-1.21,-1.21,0
06-24-1993,-1.22,-1.13,-1.22,-1.13,0
06-25-1993,-1.032,-0.985,-1.053,-0.994,0
06-28-1993,-1.073,-0.938,-1.073,-0.950,0
06-29-1993,-0.959,-0.955,-0.997,-0.989,0
06-30-1993,-0.900,-0.862,-0.905,-0.888,0
07-01-1993,-0.972,-0.963,-0.997,-0.976,0
07-02-1993,-0.99,-0.99,-1.06,-1.04,0
07-06-1993,-0.930,-0.879,-0.934,-0.913,0
07-07-1993,-0.905,-0.888,-0.943,-0.939,0
07-08-1993,-0.939,-0.815,-0.968,-0.828,0
07-09-1993,-0.996,-0.933,-1.017,-0.996,0
07-12-1993,-0.988,-0.920,-0.988,-0.954,0
07-13-1993,-0.861,-0.861,-0.950,-0.950,0
07-14-1993,-0.95,-0.93,-1.06,-1.05,0
07-15-1993,-1.05,-1.00,-1.06,-1.02,0
07-16-1993,-1.01,-0.99,-1.06,-1.06,0
07-19-1993,-1.21,-1.17,-1.28,-1.24,0
07-20-1993,-1.13,-1.11,-1.19,-1.17,0
07-21-1993,-1.09,-1.04,-1.09,-1.06,0
07-22-1993,-0.980,-0.908,-0.980,-0.950,0
07-23-1993,-0.942,-0.930,-0.967,-0.938,0
07-26-1993,-0.946,-0.853,-0.946,-0.865,0
07-27-1993,-1.11,-1.07,-1.11,-1.07,0
07-28-1993,-1.08,-1.05,-1.09,-1.08,0
07-29-1993,-1.08,-1.03,-1.08,-1.06,0
07-30-1993,-0.882,-0.869,-0.899,-0.874,0
08-02-1993,-0.869,-0.861,-0.937,-0.929,0
08-03-1993,-0.912,-0.886,-0.920,-0.908,0
08-04-1993,-0.823,-0.823,-0.845,-0.840,0
08-05-1993,-0.916,-0.895,-0.941,-0.937,0
08-06-1993,-0.937,-0.912,-0.937,-0.912,0
08-09-1993,-0.903,-0.836,-0.912,-0.844,0
08-10-1993,-0.844,-0.840,-0.916,-0.908,0
08-11-1993,-0.899,-0.878,-0.920,-0.920,0
08-12-1993,-0.828,-0.806,-0.845,-0.819,0
08-13-1993,-0.819,-0.806,-0.840,-0.819,0
08-16-1993,-0.819,-0.777,-0.840,-0.840,0
08-17-1993,-0.853,-0.840,-0.950,-0.921,0
08-18-1993,-0.887,-0.865,-0.967,-0.959,0
08-19-1993,-0.959,-0.925,-0.980,-0.955,0
08-20-1993,-1.02,-1.00,-1.03,-1.03,0
08-23-1993,-1.022,-0.950,-1.026,-0.963,0
08-24-1993,-0.958,-0.832,-0.958,-0.836,0
08-25-1993,-0.844,-0.806,-0.848,-0.844,0
08-26-1993,-0.760,-0.730,-0.810,-0.747,0
08-27-1993,-0.840,-0.836,-0.861,-0.844,0
08-30-1993,-0.844,-0.814,-0.865,-0.848,0
08-31-1993,-0.848,-0.830,-0.860,-0.843,0
09-01-1993,-0.924,-0.886,-0.936,-0.916,0
09-02-1993,-0.920,-0.894,-0.945,-0.941,0
09-03-1993,-0.857,-0.844,-0.908,-0.852,0
09-07-1993,-0.852,-0.784,-0.869,-0.840,0
09-08-1993,-0.924,-0.886,-0.954,-0.949,0
09-09-1993,-0.882,-0.729,-0.882,-0.738,0
09-10-1993,-0.725,-0.628,-0.734,-0.670,0
09-13-1993,-0.644,-0.623,-0.729,-0.725,0
09-14-1993,-0.835,-0.813,-0.877,-0.864,0
09-15-1993,-0.810,-0.755,-0.827,-0.797,0
09-16-1993,-0.957,-0.894,-0.974,-0.906,0
09-17-1993,-0.932,-0.902,-0.932,-0.923,0
09-20-1993,-0.843,-0.750,-0.851,-0.775,0
09-21-1993,-0.775,-0.763,-0.936,-0.907,0
09-22-1993,-0.974,-0.834,-0.974,-0.855,0
09-23-1993,-0.855,-0.826,-0.877,-0.855,0
09-24-1993,-0.859,-0.783,-0.859,-0.821,0
09-27-1993,-0.691,-0.593,-0.691,-0.606,0
09-28-1993,-0.597,-0.521,-0.635,-0.559,0
09-29-1993,-0.568,-0.538,-0.606,-0.593,0
09-30-1993,-0.593,-0.559,-0.631,-0.593,0
10-01-1993,-0.589,-0.483,-0.589,-0.504,0
10-04-1993,-0.500,-0.462,-0.525,-0.525,0
10-05-1993,-0.496,-0.483,-0.547,-0.530,0
10-06-1993,-0.614,-0.580,-0.623,-0.610,0
10-07-1993,-0.618,-0.606,-0.627,-0.627,0
10-08-1993,-0.690,-0.673,-0.745,-0.715,0
10-11-1993,-0.618,-0.593,-0.631,-0.606,0
10-12-1993,-0.606,-0.529,-0.631,-0.529,0
10-13-1993,-0.525,-0.500,-0.593,-0.500,0
10-14-1993,-0.507,-0.507,-0.711,-0.698,0
10-15-1993,-0.689,-0.668,-0.812,-0.770,0
10-18-1993,-1.02,-1.00,-1.26,-1.26,0
10-19-1993,-1.05,-0.98,-1.05,-1.02,0
10-20-1993,-1.06,-1.01,-1.13,-1.10,0
10-21-1993,-1.02,-0.98,-1.04,-1.02,0
10-22-1993,-0.923,-0.902,-1.008,-0.995,0
10-25-1993,-1.18,-1.18,-1.31,-1.30,0
10-26-1993,-1.40,-1.34,-1.48,-1.40,0
10-27-1993,-1.56,-1.54,-1.63,-1.59,0
10-28-1993,-1.50,-1.44,-1.54,-1.53,0
10-29-1993,-1.61,-1.57,-1.64,-1.62,0
11-01-1993,-1.62,-1.53,-1.62,-1.58,0
11-02-1993,-1.58,-1.58,-1.63,-1.63,0
11-03-1993,-1.48,-1.46,-1.54,-1.54,0
11-04-1993,-1.62,-1.59,-1.71,-1.71,0
11-05-1993,-1.71,-1.59,-1.71,-1.60,0
11-08-1993,-1.61,-1.53,-1.62,-1.55,0
11-09-1993,-1.56,-1.54,-1.58,-1.56,0
11-10-1993,-1.49,-1.40,-1.49,-1.42,0
11-11-1993,-1.40,-1.38,-1.52,-1.50,0
11-12-1993,-1.50,-1.42,-1.50,-1.44,0
11-15-1993,-1.45,-1.45,-1.57,-1.55,0
11-16-1993,-1.69,-1.64,-1.71,-1.65,0
11-17-1993,-1.53,-1.48,-1.55,-1.51,0
11-18-1993,-1.26,-1.23,-1.28,-1.25,0
11-19-1993,-1.20,-1.17,-1.25,-1.23,0
11-22-1993,-1.07,-1.06,-1.12,-1.07,0
11-23-1993,-1.10,-1.05,-1.12,-1.06,0
11-24-1993,-1.06,-1.06,-1.10,-1.08,0
11-26-1993,-1.15,-1.13,-1.15,-1.14,0
11-29-1993,-1.05,-0.99,-1.05,-1.04,0
11-30-1993,-1.05,-1.03,-1.05,-1.05,0
12-01-1993,-1.12,-1.08,-1.13,-1.13,0
12-02-1993,-1.29,-1.28,-1.31,-1.29,0
12-03-1993,-1.30,-1.29,-1.33,-1.29,0
12-06-1993,-1.28,-1.18,-1.28,-1.19,0
12-07-1993,-1.18,-1.10,-1.21,-1.11,0
12-08-1993,-1.12,-1.10,-1.15,-1.12,0
12-09-1993,-1.03,-1.02,-1.10,-1.09,0
12-10-1993,-1.08,-1.07,-1.18,-1.15,0
12-13-1993,-1.15,-1.05,-1.16,-1.06,0
12-14-1993,-1.15,-1.12,-1.18,-1.17,0
12-15-1993,-1.08,-1.04,-1.08,-1.07,0
12-16-1993,-1.13,-1.07,-1.13,-1.08,0
12-17-1993,-0.976,-0.960,-0.989,-0.972,0
12-20-1993,-0.888,-0.761,-0.888,-0.765,0
12-21-1993,-0.849,-0.811,-0.892,-0.816,0
12-22-1993,-0.732,-0.651,-0.748,-0.663,0
12-23-1993,-0.659,-0.638,-0.693,-0.651,0
12-27-1993,-0.654,-0.620,-0.654,-0.624,0
12-28-1993,-0.537,-0.520,-0.563,-0.558,0
12-29-1993,-0.470,-0.462,-0.567,-0.559,0
12-30-1993,-0.567,-0.542,-0.610,-0.542,0
12-31-1993,-0.626,-0.613,-0.660,-0.660,0
01-03-1994,-0.744,-0.706,-0.744,-0.735,0
01-04-1994,-0.744,-0.706,-0.744,-0.727,0
01-05-1994,-0.643,-0.638,-0.711,-0.702,0
01-06-1994,-0.668,-0.668,-0.732,-0.719,0
01-07-1994,-0.463,-0.327,-0.463,-0.361,0
01-10-1994,-0.445,-0.390,-0.479,-0.441,0
01-11-1994,-0.517,-0.487,-0.554,-0.491,0
01-12-1994,-0.651,-0.625,-0.676,-0.676,0
01-13-1994,-0.685,-0.668,-0.719,-0.672,0
01-14-1994,-0.546,-0.499,-0.550,-0.507,0
01-17-1994,-0.537,-0.406,-0.567,-0.431,0
01-18-1994,-0.422,-0.380,-0.550,-0.516,0
01-19-1994,-0.516,-0.495,-0.567,-0.528,0
01-20-1994,-0.541,-0.482,-0.618,-0.554,0
01-21-1994,-0.571,-0.563,-0.655,-0.596,0
01-24-1994,-0.596,-0.528,-0.596,-0.558,0
01-25-1994,-0.588,-0.588,-0.664,-0.651,0
01-26-1994,-0.660,-0.567,-0.660,-0.592,0
01-27-1994,-0.571,-0.465,-0.571,-0.469,0
01-28-1994,-0.468,-0.410,-0.481,-0.422,0
01-31-1994,-0.502,-0.485,-0.565,-0.565,0
02-01-1994,-0.565,-0.549,-0.595,-0.587,0
02-02-1994,-0.490,-0.468,-0.494,-0.490,0
02-03-1994,-0.506,-0.503,-0.557,-0.537,0
02-04-1994,-0.553,-0.494,-0.803,-0.761,0
02-07-1994,-0.781,-0.713,-0.824,-0.735,0
02-08-1994,-0.726,-0.709,-0.768,-0.743,0
02-09-1994,-0.727,-0.680,-0.727,-0.693,0
02-10-1994,-0.689,-0.647,-0.748,-0.744,0
02-11-1994,-0.739,-0.689,-0.757,-0.693,0
02-14-1994,-0.601,-0.601,-0.668,-0.651,0
02-15-1994,-0.622,-0.596,-0.651,-0.638,0
02-16-1994,-0.635,-0.546,-0.635,-0.546,0
02-17-1994,-0.486,-0.461,-0.524,-0.478,0
02-18-1994,-0.461,-0.457,-0.520,-0.482,0
02-22-1994,-0.453,-0.359,-0.478,-0.363,0
02-23-1994,-0.368,-0.342,-0.426,-0.406,0
02-24-1994,-0.397,-0.287,-0.414,-0.393,0
02-25-1994,-0.389,-0.355,-0.410,-0.371,0
02-28-1994,-0.355,-0.351,-0.384,-0.368,0
03-01-1994,-0.443,-0.443,-0.557,-0.503,0
03-02-1994,-0.537,-0.443,-0.562,-0.464,0
03-03-1994,-0.460,-0.430,-0.515,-0.464,0
03-04-1994,-0.544,-0.514,-0.595,-0.595,0
03-07-1994,-0.595,-0.565,-0.637,-0.629,0
03-08-1994,-0.621,-0.595,-0.633,-0.629,0
03-09-1994,-0.625,-0.612,-0.650,-0.646,0
03-10-1994,-0.310,-0.251,-0.356,-0.254,0
03-11-1994,-0.338,-0.224,-0.347,-0.275,0
03-14-1994,-0.250,-0.250,-0.284,-0.275,0
03-15-1994,-0.199,-0.132,-0.199,-0.161,0
03-16-1994,-0.2452,-0.0802,-0.2583,-0.0802,0
03-17-1994,-0.097,-0.097,-0.144,-0.118,0
03-18-1994,-0.1137,-0.0631,-0.1266,-0.0845,0
03-21-1994,-0.0087,-0.0087,-0.0549,-0.0127,0
03-22-1994,-0.0127,0.0931,-0.0467,0.0548,0
03-23-1994,0.0466,0.0846,0.0085,0.0466,0
03-24-1994,0.0381,0.0970,0.0127,0.0889,0
03-25-1994,0.080,0.174,0.068,0.102,0
03-28-1994,0.177,0.220,0.148,0.207,0
03-29-1994,0.1982,0.2028,0.0373,0.0373,0
03-30-1994,0.0038,0.0672,-0.0305,-0.0258,0
03-31-1994,-0.093,-0.064,-0.216,-0.153,0
04-04-1994,-0.318,-0.267,-0.360,-0.330,0
04-05-1994,-0.284,-0.190,-0.284,-0.199,0
04-06-1994,-0.1733,-0.0802,-0.2242,-0.0970,0
04-07-1994,-0.0748,0.0438,-0.1169,0.0014,0
04-08-1994,-0.0152,0.0650,-0.0327,0.0522,0
04-11-1994,0.0522,0.1201,0.0522,0.0606,0
04-12-1994,0.153,0.174,0.110,0.140,0
04-13-1994,0.1313,0.1653,0.0804,0.0970,0
04-14-1994,0.013,0.115,-0.046,0.102,0
04-15-1994,0.0987,0.1329,0.0691,0.0778,0
04-18-1994,0.1653,0.1653,0.0723,0.0804,0
04-19-1994,0.0846,0.1059,-0.0042,0.0466,0
04-20-1994,-0.046,-0.038,-0.122,-0.122,0
04-21-1994,-0.101,-0.089,-0.165,-0.110,0
04-22-1994,-0.118,-0.097,-0.165,-0.114,0
04-25-1994,0.020,0.114,-0.001,0.114,0
04-26-1994,-0.0544,-0.0377,-0.0930,-0.0802,0
04-28-1994,-0.097,-0.038,-0.122,-0.114,0
04-29-1994,-0.0382,0.0466,-0.0467,0.0381,0
05-02-1994,0.0340,0.0970,0.0340,0.0804,0
05-03-1994,0.173,0.198,0.143,0.160,0
05-04-1994,0.152,0.169,0.105,0.122,0
05-05-1994,0.126,0.160,0.126,0.139,0
05-06-1994,0.202,0.202,0.139,0.147,0
05-09-1994,0.139,0.160,0.113,0.117,0
05-10-1994,-0.1099,-0.0462,-0.1266,-0.0675,0
05-11-1994,0.1052,0.1180,0.0546,0.0584,0
05-12-1994,0.160,0.181,0.139,0.139,0
05-13-1994,-0.0294,-0.0002,-0.0890,-0.0042,0
05-16-1994,-0.0212,0.0299,-0.0212,0.0299,0
05-17-1994,0.030,0.119,0.030,0.102,0
05-18-1994,0.110,0.199,0.110,0.165,0
05-19-1994,0.241,0.292,0.232,0.283,0
05-20-1994,0.266,0.279,0.249,0.270,0
05-23-1994,0.182,0.250,0.169,0.204,0
05-24-1994,0.220,0.305,0.216,0.280,0
05-25-1994,0.271,0.365,0.241,0.356,0
05-26-1994,0.431,0.457,0.423,0.444,0
05-27-1994,0.432,0.500,0.402,0.466,0
05-31-1994,0.381,0.479,0.365,0.441,0
06-01-1994,0.263,0.327,0.251,0.310,0
06-02-1994,0.487,0.487,0.428,0.428,0
06-03-1994,0.331,0.386,0.305,0.360,0
06-06-1994,0.360,0.386,0.335,0.343,0
06-07-1994,0.343,0.381,0.339,0.343,0
06-08-1994,0.353,0.383,0.340,0.353,0
06-09-1994,0.441,0.483,0.441,0.458,0
06-10-1994,0.458,0.521,0.449,0.504,0
06-13-1994,0.495,0.538,0.491,0.530,0
06-14-1994,0.609,0.626,0.584,0.584,0
06-15-1994,0.656,0.656,0.604,0.639,0
06-16-1994,0.634,0.634,0.562,0.562,0
06-17-1994,0.575,0.575,0.520,0.541,0
06-20-1994,0.507,0.558,0.486,0.511,0
06-21-1994,0.343,0.360,0.280,0.339,0
06-22-1994,0.528,0.571,0.524,0.549,0
06-23-1994,0.373,0.403,0.335,0.335,0
06-24-1994,0.410,0.431,0.334,0.338,0
06-27-1994,0.330,0.491,0.321,0.478,0
06-28-1994,0.482,0.482,0.377,0.427,0
06-29-1994,0.335,0.390,0.313,0.313,0
06-30-1994,0.301,0.301,0.208,0.220,0
07-01-1994,0.308,0.406,0.308,0.393,0
07-05-1994,0.225,0.259,0.208,0.250,0
07-06-1994,0.255,0.310,0.250,0.297,0
07-07-1994,0.347,0.347,0.314,0.335,0
07-08-1994,0.327,0.352,0.322,0.339,0
07-11-1994,0.339,0.356,0.216,0.263,0
07-12-1994,0.255,0.281,0.238,0.243,0
07-13-1994,0.318,0.373,0.318,0.339,0
07-14-1994,0.431,0.554,0.427,0.554,0
07-15-1994,0.466,0.530,0.458,0.479,0
07-18-1994,0.487,0.521,0.479,0.504,0
07-19-1994,0.479,0.487,0.377,0.462,0
07-20-1994,0.462,0.462,0.267,0.293,0
07-21-1994,0.372,0.414,0.283,0.402,0
07-22-1994,0.423,0.436,0.377,0.397,0
07-25-1994,0.456,0.478,0.397,0.439,0
07-26-1994,0.347,0.367,0.317,0.359,0
07-27-1994,0.347,0.427,0.334,0.397,0
07-28-1994,0.397,0.461,0.397,0.444,0
07-29-1994,0.462,0.512,0.458,0.470,0
08-01-1994,0.470,0.512,0.470,0.495,0
08-02-1994,0.436,0.458,0.436,0.445,0
08-03-1994,0.520,0.563,0.520,0.533,0
08-04-1994,0.445,0.449,0.411,0.415,0
08-05-1994,0.398,0.428,0.385,0.428,0
08-08-1994,0.588,0.604,0.579,0.592,0
08-09-1994,0.592,0.596,0.575,0.588,0
08-10-1994,0.588,0.634,0.571,0.609,0
08-11-1994,0.600,0.664,0.600,0.656,0
08-12-1994,0.660,0.698,0.660,0.677,0
08-15-1994,0.672,0.677,0.647,0.656,0
08-16-1994,0.656,0.740,0.630,0.715,0
08-17-1994,0.555,0.563,0.525,0.530,0
08-18-1994,0.521,0.542,0.504,0.504,0
08-19-1994,0.513,0.555,0.504,0.534,0
08-22-1994,0.525,0.525,0.504,0.513,0
08-23-1994,0.521,0.547,0.508,0.525,0
08-24-1994,0.521,0.530,0.504,0.521,0
08-25-1994,0.508,0.530,0.449,0.458,0
08-26-1994,0.487,0.530,0.479,0.508,0
08-29-1994,0.517,0.550,0.513,0.530,0
08-30-1994,0.530,0.572,0.530,0.559,0
08-31-1994,0.550,0.572,0.521,0.538,0
09-01-1994,0.538,0.555,0.513,0.521,0
09-02-1994,0.530,0.538,0.466,0.508,0
09-06-1994,0.504,0.517,0.470,0.483,0
09-07-1994,0.394,0.394,0.352,0.360,0
09-08-1994,0.360,0.390,0.347,0.347,0
09-09-1994,0.314,0.318,0.250,0.271,0
09-12-1994,0.250,0.267,0.195,0.208,0
09-13-1994,0.213,0.264,0.192,0.209,0
09-14-1994,0.297,0.347,0.293,0.335,0
09-15-1994,0.335,0.377,0.326,0.360,0
09-16-1994,0.457,0.457,0.423,0.449,0
09-19-1994,0.533,0.558,0.533,0.533,0
09-20-1994,0.339,0.339,0.250,0.250,0
09-21-1994,0.166,0.166,0.055,0.111,0
09-22-1994,0.157,0.182,0.132,0.161,0
09-23-1994,0.191,0.199,0.132,0.144,0
09-26-1994,0.229,0.233,0.191,0.199,0
09-27-1994,0.1148,0.1402,0.0723,0.0810,0
09-28-1994,0.0892,0.1233,0.0638,0.0682,0
09-29-1994,0.0682,0.0682,-0.0252,0.0088,0
09-30-1994,0.0088,0.0345,-0.0675,-0.0424,0
10-03-1994,-0.122,-0.092,-0.138,-0.130,0
10-04-1994,0.0340,0.0636,-0.0382,-0.0340,0
10-05-1994,-0.1310,-0.0295,-0.1436,-0.0462,0
10-06-1994,0.0381,0.0548,0.0085,0.0299,0
10-07-1994,-0.0503,0.0345,-0.0503,0.0260,0
10-10-1994,0.0216,0.0638,0.0216,0.0516,0
10-11-1994,0.153,0.186,0.119,0.136,0
10-12-1994,0.228,0.283,0.207,0.279,0
10-13-1994,0.241,0.283,0.186,0.186,0
10-14-1994,0.296,0.300,0.258,0.270,0
10-17-1994,0.275,0.304,0.258,0.275,0
10-18-1994,0.224,0.237,0.169,0.186,0
10-19-1994,0.354,0.367,0.299,0.321,0
10-20-1994,0.1440,0.1481,0.0636,0.0804,0
10-21-1994,0.160,0.220,0.152,0.160,0
10-24-1994,0.152,0.194,0.097,0.101,0
10-25-1994,0.0595,0.1019,0.0513,0.0765,0
10-26-1994,0.089,0.144,0.055,0.144,0
10-27-1994,0.236,0.299,0.236,0.287,0
10-28-1994,0.279,0.393,0.279,0.354,0
10-31-1994,0.376,0.376,0.329,0.329,0
11-01-1994,0.321,0.321,0.210,0.227,0
11-02-1994,0.1431,0.1644,0.0967,0.0967,0
11-03-1994,0.105,0.156,0.097,0.101,0
11-04-1994,0.202,0.215,0.096,0.101,0
11-07-1994,0.101,0.185,0.075,0.177,0
11-08-1994,0.181,0.282,0.160,0.249,0
11-09-1994,0.265,0.304,0.261,0.265,0
11-10-1994,0.194,0.249,0.148,0.148,0
11-11-1994,0.223,0.249,0.194,0.219,0
11-14-1994,0.215,0.274,0.215,0.265,0
11-15-1994,0.270,0.308,0.232,0.253,0
11-16-1994,0.253,0.270,0.181,0.185,0
11-17-1994,0.278,0.290,0.146,0.193,0
11-18-1994,0.188,0.235,0.176,0.218,0
11-21-1994,0.0713,0.0838,-0.0180,-0.0135,0
11-22-1994,-0.0180,0.1052,-0.0180,0.0121,0
11-23-1994,-0.064,0.123,-0.067,0.123,0
11-25-1994,0.140,0.186,0.127,0.174,0
11-28-1994,0.249,0.253,0.148,0.198,0
11-29-1994,0.177,0.215,0.143,0.181,0
11-30-1994,0.181,0.203,0.097,0.101,0
12-01-1994,0.1052,0.1306,0.0584,0.0584,0
12-02-1994,0.055,0.135,0.050,0.135,0
12-05-1994,0.0508,0.1142,0.0508,0.0763,0
12-06-1994,0.038,0.153,0.038,0.110,0
12-07-1994,0.0931,0.1359,0.0636,0.0763,0
12-08-1994,0.0723,0.0970,-0.0294,-0.0212,0
12-09-1994,-0.0212,0.0168,-0.0719,-0.0042,0
12-12-1994,-0.0042,0.0127,-0.0382,-0.0002,0
12-13-1994,0.097,0.186,0.097,0.173,0
12-14-1994,0.181,0.232,0.156,0.160,0
12-15-1994,0.253,0.291,0.240,0.245,0
12-16-1994,0.279,0.279,0.219,0.240,0
12-19-1994,0.0723,0.1231,0.0723,0.0889,0
12-20-1994,0.093,0.119,0.072,0.119,0
12-21-1994,0.127,0.186,0.127,0.169,0
12-22-1994,0.1695,0.1695,0.0889,0.0889,0
12-23-1994,0.173,0.203,0.164,0.164,0
12-27-1994,0.190,0.194,0.160,0.169,0
12-28-1994,0.245,0.249,0.177,0.194,0
12-29-1994,0.189,0.249,0.189,0.227,0
12-30-1994,0.236,0.240,0.160,0.206,0
01-03-1995,0.202,0.257,0.185,0.253,0
01-04-1995,0.261,0.291,0.249,0.270,0
01-05-1995,0.270,0.291,0.261,0.279,0
01-06-1995,0.279,0.338,0.279,0.333,0
01-09-1995,0.165,0.186,0.161,0.174,0
01-10-1995,0.186,0.254,0.186,0.208,0
01-11-1995,0.317,0.326,0.224,0.275,0
01-12-1995,0.266,0.266,0.190,0.232,0
01-13-1995,0.262,0.359,0.262,0.359,0
01-16-1995,0.356,0.475,0.352,0.449,0
01-17-1995,0.453,0.453,0.356,0.377,0
01-18-1995,0.220,0.233,0.170,0.187,0
01-19-1995,0.1563,0.1771,0.0546,0.0672,0
01-20-1995,0.143,0.189,0.071,0.168,0
01-23-1995,0.143,0.219,0.143,0.206,0
01-24-1995,0.206,0.227,0.181,0.194,0
01-25-1995,0.071,0.186,0.067,0.148,0
01-26-1995,0.148,0.194,0.148,0.181,0
01-27-1995,0.195,0.241,0.195,0.200,0
01-30-1995,0.200,0.212,0.174,0.182,0
01-31-1995,0.274,0.299,0.265,0.287,0
02-01-1995,0.375,0.451,0.375,0.409,0
02-02-1995,0.413,0.502,0.409,0.477,0
02-03-1995,0.418,0.554,0.418,0.486,0
02-06-1995,0.503,0.596,0.503,0.566,0
02-07-1995,0.575,0.579,0.528,0.541,0
02-08-1995,0.545,0.562,0.528,0.541,0
02-09-1995,0.545,0.571,0.528,0.541,0
02-10-1995,0.461,0.508,0.461,0.503,0
02-13-1995,0.503,0.550,0.487,0.487,0
02-14-1995,0.575,0.630,0.575,0.592,0
02-15-1995,0.596,0.647,0.579,0.579,0
02-16-1995,0.588,0.609,0.583,0.609,0
02-17-1995,0.609,0.639,0.596,0.600,0
02-21-1995,0.441,0.479,0.441,0.470,0
02-22-1995,0.479,0.538,0.479,0.538,0
02-23-1995,0.656,0.656,0.597,0.605,0
02-24-1995,0.609,0.652,0.588,0.639,0
02-27-1995,0.622,0.643,0.618,0.631,0
02-28-1995,0.458,0.488,0.446,0.484,0
03-01-1995,0.568,0.597,0.555,0.568,0
03-02-1995,0.634,0.652,0.626,0.634,0
03-03-1995,0.626,0.626,0.554,0.579,0
03-06-1995,0.572,0.576,0.534,0.576,0
03-07-1995,0.647,0.656,0.588,0.592,0
03-08-1995,0.613,0.626,0.583,0.609,0
03-09-1995,0.693,0.693,0.667,0.680,0
03-10-1995,0.520,0.605,0.508,0.584,0
03-13-1995,0.554,0.575,0.550,0.563,0
03-14-1995,0.581,0.631,0.581,0.627,0
03-15-1995,0.618,0.636,0.581,0.615,0
03-16-1995,0.820,0.841,0.816,0.816,0
03-17-1995,0.820,0.820,0.778,0.786,0
03-20-1995,0.710,0.715,0.639,0.647,0
03-21-1995,0.639,0.677,0.588,0.596,0
03-22-1995,0.600,0.660,0.596,0.660,0
03-23-1995,0.651,0.723,0.643,0.723,0
03-24-1995,0.807,0.833,0.782,0.790,0
03-27-1995,0.630,0.643,0.600,0.604,0
03-28-1995,0.693,0.727,0.693,0.718,0
03-29-1995,0.714,0.761,0.672,0.697,0
03-30-1995,0.702,0.727,0.668,0.689,0
03-31-1995,0.660,0.698,0.634,0.673,0
04-03-1995,0.592,0.626,0.583,0.613,0
04-04-1995,0.701,0.727,0.701,0.718,0
04-05-1995,0.794,0.832,0.786,0.819,0
04-06-1995,1.00,1.09,1.00,1.07,0
04-07-1995,0.988,0.997,0.958,0.988,0
04-10-1995,0.896,0.900,0.828,0.836,0
04-11-1995,0.845,0.900,0.840,0.891,0
04-12-1995,0.883,0.883,0.849,0.862,0
04-13-1995,0.954,1.001,0.954,0.975,0
04-17-1995,0.993,1.060,0.958,0.967,0
04-18-1995,0.85,1.04,0.83,1.04,0
04-19-1995,1.12,1.15,1.06,1.12,0
04-20-1995,1.12,1.12,1.05,1.06,0
04-21-1995,1.25,1.27,1.24,1.26,0
04-24-1995,1.11,1.18,1.11,1.17,0
04-25-1995,1.17,1.19,1.14,1.15,0
04-26-1995,1.15,1.24,1.14,1.23,0
04-27-1995,1.23,1.27,1.21,1.23,0
04-28-1995,1.22,1.22,1.16,1.17,0
05-01-1995,1.17,1.18,1.12,1.17,0
05-02-1995,1.16,1.25,1.16,1.23,0
05-03-1995,1.26,1.30,1.24,1.28,0
05-04-1995,1.23,1.34,1.23,1.30,0
05-05-1995,1.42,1.45,1.39,1.45,0
05-08-1995,1.50,1.58,1.50,1.57,0
05-09-1995,1.43,1.44,1.32,1.33,0
05-10-1995,1.34,1.36,1.32,1.33,0
05-11-1995,1.33,1.34,1.32,1.32,0
05-12-1995,1.31,1.36,1.29,1.36,0
05-15-1995,1.28,1.36,1.27,1.36,0
05-16-1995,1.48,1.49,1.46,1.47,0
05-17-1995,1.47,1.47,1.43,1.43,0
05-18-1995,1.40,1.40,1.37,1.37,0
05-19-1995,1.34,1.37,1.32,1.37,0
05-22-1995,1.20,1.27,1.18,1.26,0
05-23-1995,1.27,1.31,1.23,1.28,0
05-24-1995,1.21,1.25,1.19,1.22,0
05-25-1995,1.22,1.27,1.19,1.26,0
05-26-1995,1.32,1.35,1.30,1.33,0
05-30-1995,1.51,1.56,1.50,1.56,0
05-31-1995,1.57,1.70,1.57,1.70,0
06-01-1995,1.69,1.70,1.63,1.66,0
06-02-1995,1.56,1.68,1.52,1.64,0
06-05-1995,1.73,1.76,1.70,1.70,0
06-06-1995,1.70,1.73,1.66,1.67,0
06-07-1995,1.58,1.58,1.55,1.57,0
06-08-1995,1.57,1.58,1.40,1.40,0
06-09-1995,1.40,1.42,1.29,1.35,0
06-12-1995,1.35,1.46,1.35,1.38,0
06-13-1995,1.40,1.47,1.40,1.45,0
06-14-1995,1.44,1.45,1.40,1.40,0
06-15-1995,1.40,1.42,1.39,1.39,0
06-16-1995,1.49,1.55,1.49,1.52,0
06-19-1995,1.63,1.76,1.63,1.73,0
06-20-1995,1.74,1.79,1.69,1.77,0
06-21-1995,1.77,1.80,1.76,1.77,0
06-22-1995,1.71,1.80,1.71,1.76,0
06-23-1995,1.67,1.71,1.65,1.68,0
06-26-1995,1.68,1.71,1.64,1.65,0
06-27-1995,1.65,1.67,1.55,1.55,0
06-28-1995,1.55,1.67,1.55,1.66,0
06-29-1995,1.67,1.67,1.54,1.57,0
06-30-1995,1.57,1.60,1.49,1.49,0
07-03-1995,1.49,1.54,1.49,1.54,0
07-05-1995,1.71,1.75,1.71,1.72,0
07-06-1995,1.71,1.78,1.67,1.78,0
07-07-1995,1.61,1.65,1.60,1.63,0
07-10-1995,1.81,1.89,1.80,1.87,0
07-11-1995,1.94,1.94,1.82,1.83,0
07-12-1995,1.74,1.78,1.73,1.77,0
07-13-1995,1.61,1.64,1.59,1.62,0
07-14-1995,1.60,1.63,1.57,1.59,0
07-17-1995,1.59,1.59,1.46,1.49,0
07-18-1995,1.55,1.64,1.51,1.56,0
07-19-1995,1.56,1.59,1.43,1.59,0
07-20-1995,1.59,1.62,1.55,1.61,0
07-21-1995,1.76,1.77,1.70,1.70,0
07-24-1995,1.67,1.75,1.67,1.72,0
07-25-1995,1.59,1.68,1.58,1.65,0
07-26-1995,1.65,1.68,1.60,1.64,0
07-27-1995,1.66,1.71,1.66,1.66,0
07-28-1995,1.72,1.75,1.71,1.72,0
07-31-1995,1.64,1.69,1.63,1.64,0
08-01-1995,1.64,1.64,1.59,1.59,0
08-02-1995,1.62,1.67,1.57,1.57,0
08-03-1995,1.47,1.48,1.44,1.44,0
08-04-1995,1.53,1.57,1.53,1.55,0
08-07-1995,1.49,1.54,1.49,1.53,0
08-08-1995,1.54,1.58,1.54,1.58,0
08-09-1995,1.59,1.59,1.52,1.52,0
08-10-1995,1.44,1.47,1.41,1.43,0
08-11-1995,1.43,1.44,1.35,1.37,0
08-14-1995,1.37,1.41,1.34,1.35,0
08-15-1995,1.45,1.45,1.39,1.43,0
08-16-1995,1.59,1.62,1.59,1.61,0
08-17-1995,1.53,1.56,1.48,1.48,0
08-18-1995,1.52,1.58,1.52,1.58,0
08-21-1995,1.49,1.54,1.49,1.50,0
08-22-1995,1.50,1.58,1.49,1.55,0
08-23-1995,1.64,1.64,1.60,1.60,0
08-24-1995,1.60,1.65,1.57,1.64,0
08-25-1995,1.65,1.72,1.65,1.70,0
08-28-1995,1.58,1.69,1.55,1.62,0
08-29-1995,1.71,1.75,1.70,1.74,0
08-30-1995,1.76,1.76,1.71,1.73,0
08-31-1995,1.68,1.68,1.65,1.65,0
09-01-1995,1.62,1.65,1.61,1.62,0
09-05-1995,1.55,1.55,1.53,1.53,0
09-06-1995,1.52,1.55,1.49,1.49,0
09-07-1995,1.57,1.58,1.55,1.57,0
09-08-1995,1.59,1.64,1.58,1.63,0
09-11-1995,1.64,1.64,1.61,1.62,0
09-12-1995,1.71,1.72,1.68,1.71,0
09-13-1995,1.53,1.63,1.53,1.57,0
09-14-1995,1.58,1.60,1.55,1.56,0
09-15-1995,1.60,1.62,1.58,1.61,0
09-18-1995,1.60,1.60,1.52,1.56,0
09-19-1995,1.57,1.61,1.57,1.59,0
09-20-1995,1.59,1.60,1.55,1.58,0
09-21-1995,1.75,1.76,1.61,1.65,0
09-22-1995,1.63,1.67,1.61,1.62,0
09-25-1995,1.45,1.45,1.37,1.40,0
09-26-1995,1.39,1.42,1.37,1.38,0
09-27-1995,1.37,1.52,1.35,1.52,0
09-28-1995,1.61,1.62,1.55,1.60,0
09-29-1995,1.68,1.72,1.65,1.67,0
10-02-1995,1.63,1.74,1.63,1.73,0
10-03-1995,1.78,2.06,1.76,2.02,0
10-04-1995,2.10,2.25,2.10,2.13,0
10-05-1995,2.06,2.10,1.98,1.99,0
10-06-1995,2.08,2.17,2.06,2.14,0
10-09-1995,2.07,2.17,2.04,2.10,0
10-10-1995,2.07,2.21,2.04,2.21,0
10-11-1995,2.21,2.40,2.18,2.34,0
10-12-1995,2.43,2.46,2.35,2.41,0
10-13-1995,2.42,2.43,2.41,2.42,0
10-16-1995,2.41,2.41,2.37,2.39,0
10-17-1995,2.33,2.53,2.33,2.53,0
10-18-1995,3.00,3.01,2.85,2.97,0
10-19-1995,2.97,2.99,2.88,2.95,0
10-20-1995,2.94,2.94,2.72,2.76,0
10-23-1995,2.86,2.87,2.65,2.73,0
10-24-1995,2.71,2.89,2.71,2.82,0
10-25-1995,2.66,2.66,2.23,2.23,0
10-26-1995,2.40,2.46,2.25,2.39,0
10-27-1995,2.30,2.37,2.25,2.35,0
10-30-1995,2.35,2.35,2.21,2.29,0
10-31-1995,2.20,2.36,2.19,2.33,0
11-01-1995,2.41,2.47,2.33,2.47,0
11-02-1995,2.31,2.45,2.29,2.44,0
11-03-1995,2.51,2.51,2.38,2.40,0
11-06-1995,2.33,2.35,2.25,2.26,0
11-07-1995,2.17,2.17,2.13,2.17,0
11-08-1995,2.17,2.21,2.14,2.20,0
11-09-1995,2.20,2.35,2.19,2.34,0
11-10-1995,2.33,2.47,2.33,2.38,0
11-13-1995,2.38,2.38,2.19,2.21,0
11-14-1995,2.21,2.21,2.07,2.07,0
11-15-1995,2.03,2.17,2.03,2.17,0
11-16-1995,2.12,2.16,2.12,2.14,0
11-17-1995,2.15,2.22,2.14,2.22,0
11-20-1995,2.38,2.38,2.33,2.37,0
11-21-1995,2.38,2.47,2.38,2.47,0
11-22-1995,2.47,2.49,2.43,2.44,0
11-24-1995,2.43,2.43,2.40,2.40,0
11-27-1995,2.43,2.49,2.42,2.44,0
11-28-1995,2.42,2.48,2.40,2.48,0
11-29-1995,2.47,2.47,2.42,2.44,0
11-30-1995,2.36,2.36,2.25,2.25,0
12-01-1995,2.38,2.44,2.36,2.43,0
12-04-1995,2.44,2.60,2.44,2.56,0
12-05-1995,2.47,2.48,2.45,2.46,0
12-06-1995,2.39,2.45,2.37,2.45,0
12-07-1995,2.50,2.52,2.42,2.44,0
12-08-1995,2.40,2.50,2.40,2.47,0
12-11-1995,2.45,2.48,2.44,2.46,0
12-12-1995,2.54,2.55,2.52,2.52,0
12-13-1995,2.52,2.58,2.52,2.56,0
12-14-1995,2.56,2.59,2.50,2.52,0
12-15-1995,2.38,2.43,2.37,2.38,0
12-18-1995,2.37,2.37,2.31,2.33,0
12-19-1995,2.33,2.45,2.33,2.43,0
12-20-1995,2.52,2.55,2.45,2.45,0
12-21-1995,2.47,2.47,2.36,2.46,0
12-22-1995,2.45,2.47,2.42,2.45,0
12-26-1995,2.45,2.49,2.45,2.48,0
12-27-1995,2.31,2.31,2.25,2.29,0
12-28-1995,2.36,2.50,2.36,2.47,0
12-29-1995,2.46,2.46,2.42,2.45,0
01-02-1996,2.52,2.61,2.50,2.61,0
01-03-1996,2.61,2.65,2.61,2.62,0
01-04-1996,2.67,2.72,2.56,2.58,0
01-05-1996,2.65,2.65,2.48,2.49,0
01-08-1996,2.49,2.59,2.49,2.59,0
01-09-1996,2.60,2.60,2.48,2.48,0
01-10-1996,2.43,2.43,2.25,2.26,0
01-11-1996,2.21,2.21,2.16,2.18,0
01-12-1996,2.23,2.50,2.22,2.50,0
01-15-1996,2.32,2.32,2.16,2.25,0
01-16-1996,2.35,2.48,2.31,2.40,0
01-17-1996,2.40,2.50,2.38,2.41,0
01-18-1996,2.42,2.43,2.25,2.28,0
01-19-1996,2.18,2.47,2.17,2.40,0
01-22-1996,2.61,2.64,2.56,2.59,0
01-23-1996,2.77,2.99,2.75,2.95,0
01-24-1996,3.32,3.32,3.00,3.03,0
01-25-1996,2.99,2.99,2.85,2.88,0
01-26-1996,2.87,2.87,2.81,2.86,0
01-29-1996,2.81,2.91,2.79,2.91,0
01-30-1996,2.92,2.99,2.87,2.99,0
01-31-1996,2.90,3.08,2.89,3.08,0
02-01-1996,3.19,3.26,3.16,3.24,0
02-02-1996,3.03,3.21,3.02,3.14,0
02-05-1996,3.14,3.44,3.14,3.42,0
02-06-1996,3.43,3.60,3.43,3.57,0
02-07-1996,3.57,3.70,3.57,3.62,0
02-08-1996,3.71,3.88,3.71,3.88,0
02-09-1996,3.89,3.92,3.80,3.89,0
02-12-1996,3.80,3.80,3.63,3.69,0
02-13-1996,3.83,3.89,3.80,3.83,0
02-14-1996,3.82,3.82,3.64,3.64,0
02-15-1996,3.64,3.82,3.64,3.75,0
02-16-1996,3.75,3.75,3.66,3.70,0
02-20-1996,3.66,3.66,3.52,3.52,0
02-21-1996,3.45,3.50,3.40,3.47,0
02-22-1996,3.43,3.56,3.42,3.47,0
02-23-1996,3.50,3.58,3.47,3.58,0
02-26-1996,3.65,3.66,3.55,3.55,0
02-27-1996,3.55,3.55,3.45,3.50,0
02-28-1996,3.45,3.58,3.45,3.49,0
02-29-1996,3.47,3.48,3.40,3.40,0
03-01-1996,3.42,3.48,3.37,3.44,0
03-04-1996,3.52,3.59,3.52,3.56,0
03-05-1996,3.55,3.71,3.54,3.69,0
03-06-1996,3.75,3.76,3.66,3.66,0
03-07-1996,3.56,3.56,3.49,3.52,0
03-08-1996,3.46,3.46,3.16,3.26,0
03-11-1996,3.22,3.23,3.15,3.22,0
03-12-1996,3.17,3.27,3.03,3.26,0
03-13-1996,3.27,3.32,3.19,3.24,0
03-14-1996,3.23,3.34,3.23,3.30,0
03-15-1996,3.25,3.27,3.20,3.27,0
03-18-1996,3.34,3.49,3.34,3.46,0
03-19-1996,3.50,3.51,3.45,3.49,0
03-20-1996,3.63,3.70,3.62,3.67,0
03-21-1996,3.66,3.69,3.58,3.59,0
03-22-1996,3.61,3.66,3.61,3.63,0
03-25-1996,3.67,3.77,3.67,3.74,0
03-26-1996,3.74,3.74,3.66,3.69,0
03-27-1996,3.75,3.95,3.75,3.92,0
03-28-1996,3.99,4.04,3.91,3.95,0
03-29-1996,3.94,4.18,3.94,4.10,0
04-01-1996,4.03,4.09,3.86,4.09,0
04-02-1996,4.09,4.20,4.07,4.07,0
04-03-1996,4.05,4.05,3.94,3.98,0
04-04-1996,4.10,4.10,3.89,4.03,0
04-08-1996,3.98,3.98,3.82,3.88,0
04-09-1996,4.00,4.02,3.86,3.88,0
04-10-1996,3.88,3.89,3.60,3.68,0
04-11-1996,3.63,3.71,3.51,3.64,0
04-12-1996,3.73,4.00,3.73,3.90,0
04-15-1996,3.82,3.88,3.76,3.78,0
04-16-1996,3.80,3.91,3.73,3.85,0
04-17-1996,3.68,3.75,3.51,3.65,0
04-18-1996,3.64,3.68,3.59,3.63,0
04-19-1996,3.88,3.90,3.77,3.77,0
04-22-1996,3.82,3.85,3.66,3.71,0
04-23-1996,3.62,3.62,3.52,3.59,0
04-24-1996,3.61,3.66,3.60,3.61,0
04-25-1996,3.59,3.69,3.51,3.66,0
04-26-1996,3.61,3.69,3.56,3.60,0
04-29-1996,3.57,3.58,3.48,3.49,0
04-30-1996,3.41,3.44,3.34,3.35,0
05-01-1996,3.34,3.43,3.32,3.42,0
05-02-1996,3.38,3.40,3.16,3.18,0
05-03-1996,3.28,3.33,3.16,3.17,0
05-06-1996,3.19,3.20,2.99,3.08,0
05-07-1996,3.20,3.20,3.09,3.16,0
05-08-1996,3.20,3.36,3.02,3.35,0
05-09-1996,3.36,3.47,3.30,3.30,0
05-10-1996,3.38,3.45,3.36,3.38,0
05-13-1996,3.41,3.49,3.40,3.49,0
05-14-1996,3.44,3.53,3.42,3.47,0
05-15-1996,3.47,3.52,3.33,3.33,0
05-16-1996,3.33,3.33,3.27,3.31,0
05-17-1996,3.43,3.48,3.42,3.43,0
05-20-1996,3.48,3.52,3.44,3.50,0
05-21-1996,3.54,3.59,3.51,3.53,0
05-22-1996,3.55,3.61,3.54,3.56,0
05-23-1996,3.56,3.65,3.46,3.49,0
05-24-1996,3.55,3.66,3.54,3.55,0
05-28-1996,3.56,3.59,3.47,3.48,0
05-29-1996,3.49,3.49,3.34,3.40,0
05-30-1996,3.41,3.55,3.35,3.52,0
05-31-1996,3.52,3.57,3.43,3.46,0
06-03-1996,3.44,3.45,3.38,3.42,0
06-04-1996,3.46,3.56,3.46,3.52,0
06-05-1996,3.42,3.58,3.42,3.57,0
06-06-1996,3.58,3.68,3.57,3.62,0
06-07-1996,3.47,3.61,3.41,3.61,0
06-10-1996,3.61,3.61,3.49,3.50,0
06-11-1996,3.58,3.65,3.54,3.59,0
06-12-1996,3.58,3.64,3.57,3.57,0
06-13-1996,3.49,3.58,3.47,3.55,0
06-14-1996,3.63,3.66,3.59,3.61,0
06-17-1996,3.62,3.62,3.55,3.57,0
06-18-1996,3.57,3.58,3.49,3.53,0
06-19-1996,3.54,3.59,3.44,3.44,0
06-20-1996,3.43,3.44,3.33,3.37,0
06-21-1996,3.38,3.43,3.36,3.41,0
06-24-1996,3.41,3.49,3.41,3.46,0
06-25-1996,3.49,3.55,3.48,3.49,0
06-26-1996,3.41,3.45,3.38,3.39,0
06-27-1996,3.47,3.52,3.46,3.48,0
06-28-1996,3.52,3.55,3.39,3.40,0
07-01-1996,3.49,3.58,3.48,3.56,0
07-02-1996,3.57,3.59,3.55,3.56,0
07-03-1996,3.55,3.58,3.52,3.57,0
07-05-1996,3.47,3.47,3.34,3.35,0
07-08-1996,3.37,3.37,3.19,3.24,0
07-09-1996,3.24,3.28,3.21,3.26,0
07-10-1996,3.29,3.34,3.22,3.22,0
07-11-1996,3.23,3.23,3.13,3.21,0
07-12-1996,3.19,3.27,3.14,3.27,0
07-15-1996,3.32,3.32,3.14,3.15,0
07-16-1996,3.15,3.19,2.86,3.13,0
07-17-1996,3.15,3.15,2.84,2.87,0
07-18-1996,2.87,2.96,2.66,2.88,0
07-19-1996,2.88,2.93,2.82,2.89,0
07-22-1996,2.89,3.02,2.83,3.02,0
07-23-1996,3.06,3.09,2.94,2.94,0
07-24-1996,2.85,3.01,2.85,2.95,0
07-25-1996,2.93,2.99,2.88,2.89,0
07-26-1996,2.91,2.95,2.87,2.95,0
07-29-1996,2.98,3.09,2.97,3.06,0
07-30-1996,3.06,3.15,3.04,3.15,0
07-31-1996,3.14,3.27,3.13,3.27,0
08-01-1996,3.27,3.44,3.27,3.41,0
08-02-1996,3.61,3.69,3.52,3.66,0
08-05-1996,3.54,3.61,3.54,3.56,0
08-06-1996,3.71,3.75,3.69,3.71,0
08-07-1996,3.75,3.77,3.63,3.67,0
08-08-1996,3.49,3.55,3.43,3.47,0
08-09-1996,3.48,3.55,3.48,3.55,0
08-12-1996,3.66,3.84,3.66,3.84,0
08-13-1996,3.81,3.81,3.74,3.75,0
08-14-1996,3.58,3.67,3.58,3.64,0
08-15-1996,3.71,3.80,3.71,3.77,0
08-16-1996,3.77,3.85,3.77,3.83,0
08-19-1996,3.74,3.83,3.71,3.83,0
08-20-1996,3.83,3.98,3.83,3.93,0
08-21-1996,3.98,3.98,3.84,3.90,0
08-22-1996,3.85,3.89,3.85,3.87,0
08-23-1996,3.85,3.89,3.82,3.88,0
08-26-1996,3.86,3.86,3.82,3.83,0
08-27-1996,3.84,3.86,3.83,3.85,0
08-28-1996,3.89,3.91,3.81,3.82,0
08-29-1996,3.72,3.72,3.59,3.60,0
08-30-1996,3.64,3.64,3.58,3.64,0
09-03-1996,3.60,3.81,3.56,3.77,0
09-04-1996,3.72,3.74,3.66,3.68,0
09-05-1996,3.71,3.71,3.63,3.63,0
09-06-1996,3.65,3.85,3.65,3.79,0
09-09-1996,3.70,3.78,3.70,3.76,0
09-10-1996,3.85,3.86,3.81,3.82,0
09-11-1996,3.81,3.94,3.81,3.91,0
09-12-1996,3.86,3.95,3.86,3.91,0
09-13-1996,4.00,4.07,3.98,4.00,0
09-16-1996,4.09,4.19,4.09,4.16,0
09-17-1996,4.23,4.24,4.13,4.13,0
09-18-1996,4.12,4.13,4.04,4.07,0
09-19-1996,4.07,4.07,3.97,3.97,0
09-20-1996,3.97,4.04,3.88,3.92,0
09-23-1996,3.80,3.94,3.80,3.88,0
09-24-1996,3.88,4.01,3.87,3.92,0
09-25-1996,4.05,4.12,4.03,4.08,0
09-26-1996,4.10,4.24,4.09,4.18,0
09-27-1996,4.20,4.24,4.19,4.21,0
09-30-1996,4.15,4.15,4.04,4.06,0
10-01-1996,4.06,4.09,4.03,4.04,0
10-02-1996,4.05,4.13,4.04,4.10,0
10-03-1996,4.10,4.16,4.05,4.10,0
10-04-1996,4.19,4.33,4.17,4.18,0
10-07-1996,4.22,4.30,4.20,4.27,0
10-08-1996,4.27,4.31,4.15,4.16,0
10-09-1996,4.15,4.16,3.97,4.02,0
10-10-1996,4.05,4.08,3.99,4.02,0
10-11-1996,4.07,4.08,3.97,3.97,0
10-14-1996,3.90,3.91,3.85,3.85,0
10-15-1996,3.93,3.94,3.73,3.73,0
10-16-1996,3.53,3.72,3.47,3.71,0
10-17-1996,3.80,3.99,3.80,3.98,0
10-18-1996,4.04,4.11,4.01,4.11,0
10-21-1996,4.11,4.19,4.10,4.15,0
10-22-1996,4.14,4.14,4.05,4.10,0
10-23-1996,4.00,4.03,3.86,4.03,0
10-24-1996,4.03,4.09,4.02,4.04,0
10-25-1996,4.11,4.14,3.96,3.99,0
10-28-1996,4.00,4.03,3.95,4.00,0
10-29-1996,3.96,4.14,3.96,4.08,0
10-30-1996,4.11,4.27,4.11,4.19,0
10-31-1996,4.18,4.25,4.17,4.18,0
11-01-1996,4.19,4.25,4.11,4.12,0
11-04-1996,4.13,4.24,4.13,4.20,0
11-05-1996,4.38,4.57,4.38,4.55,0
11-06-1996,4.55,4.63,4.45,4.51,0
11-07-1996,4.39,4.46,4.26,4.46,0
11-08-1996,4.54,4.56,4.45,4.52,0
11-11-1996,4.36,4.44,4.34,4.36,0
11-12-1996,4.38,4.39,4.27,4.30,0
11-13-1996,4.30,4.31,4.21,4.25,0
11-14-1996,4.01,4.19,3.97,4.17,0
11-15-1996,4.31,4.34,4.23,4.23,0
11-18-1996,4.23,4.37,4.23,4.34,0
11-19-1996,4.34,4.54,4.34,4.52,0
11-20-1996,4.61,4.73,4.60,4.66,0
11-21-1996,4.67,4.72,4.61,4.64,0
11-22-1996,4.58,4.70,4.57,4.65,0
11-25-1996,4.67,4.78,4.67,4.78,0
11-26-1996,4.82,4.87,4.61,4.61,0
11-27-1996,4.64,4.67,4.55,4.55,0
11-29-1996,4.58,4.62,4.58,4.60,0
12-02-1996,4.77,4.77,4.68,4.74,0
12-03-1996,4.74,4.83,4.59,4.59,0
12-04-1996,4.67,4.67,4.44,4.54,0
12-05-1996,4.55,4.57,4.41,4.44,0
12-06-1996,4.47,4.54,4.38,4.50,0
12-09-1996,4.55,4.63,4.55,4.60,0
12-10-1996,4.52,4.57,4.49,4.51,0
12-11-1996,4.44,4.51,4.33,4.38,0
12-12-1996,4.24,4.29,4.00,4.09,0
12-13-1996,4.25,4.33,4.16,4.25,0
12-16-1996,4.25,4.32,4.18,4.19,0
12-17-1996,4.10,4.39,4.10,4.37,0
12-18-1996,4.44,4.46,4.41,4.46,0
12-19-1996,4.43,4.61,4.42,4.58,0
12-20-1996,4.67,4.67,4.55,4.57,0
12-23-1996,4.56,4.59,4.50,4.53,0
12-24-1996,4.53,4.62,4.53,4.61,0
12-26-1996,4.73,4.85,4.73,4.79,0
12-27-1996,4.88,4.91,4.69,4.74,0
12-30-1996,4.77,4.78,4.66,4.66,0
12-31-1996,4.57,4.57,4.35,4.35,0
01-02-1997,4.44,4.49,4.29,4.48,0
01-03-1997,4.51,4.63,4.51,4.59,0
01-06-1997,4.66,4.68,4.54,4.56,0
01-07-1997,4.54,4.57,4.48,4.57,0
01-08-1997,4.60,4.82,4.60,4.67,0
01-09-1997,5.02,5.07,4.95,5.07,0
01-10-1997,4.76,4.81,4.70,4.79,0
01-13-1997,4.78,4.84,4.70,4.72,0
01-14-1997,4.77,4.94,4.77,4.91,0
01-15-1997,4.82,4.88,4.76,4.80,0
01-16-1997,4.81,4.81,4.65,4.70,0
01-17-1997,4.72,4.84,4.71,4.82,0
01-20-1997,4.70,4.75,4.67,4.69,0
01-21-1997,4.68,5.03,4.63,4.99,0
01-22-1997,5.00,5.33,4.96,5.28,0
01-23-1997,5.39,5.39,5.27,5.27,0
01-24-1997,5.23,5.23,5.03,5.12,0
01-27-1997,5.13,5.18,5.05,5.10,0
01-28-1997,5.21,5.28,5.19,5.20,0
01-29-1997,5.17,5.27,5.04,5.27,0
01-30-1997,5.33,5.49,5.30,5.49,0
01-31-1997,5.46,5.54,5.43,5.45,0
02-03-1997,5.54,5.56,5.49,5.52,0
02-04-1997,5.45,5.47,5.43,5.44,0
02-05-1997,5.62,5.71,5.56,5.56,0
02-06-1997,5.54,5.59,5.46,5.51,0
02-07-1997,5.60,5.71,5.51,5.71,0
02-10-1997,5.68,5.71,5.60,5.63,0
02-11-1997,5.63,5.63,5.54,5.63,0
02-12-1997,5.62,5.88,5.62,5.87,0
02-13-1997,5.62,5.78,5.62,5.78,0
02-14-1997,5.73,5.73,5.60,5.61,0
02-18-1997,5.56,5.72,5.52,5.68,0
02-19-1997,5.72,5.72,5.57,5.62,0
02-20-1997,5.53,5.53,5.35,5.36,0
02-21-1997,5.40,5.52,5.34,5.48,0
02-24-1997,5.46,5.66,5.42,5.66,0
02-25-1997,5.75,5.80,5.68,5.75,0
02-26-1997,5.58,5.59,5.37,5.51,0
02-27-1997,5.51,5.56,5.38,5.38,0
02-28-1997,5.35,5.35,5.17,5.18,0
03-03-1997,5.19,5.45,5.17,5.45,0
03-04-1997,5.45,5.57,5.42,5.46,0
03-05-1997,5.56,5.59,5.42,5.52,0
03-06-1997,5.45,5.59,5.43,5.55,0
03-07-1997,5.51,5.74,5.51,5.73,0
03-10-1997,5.75,5.78,5.69,5.78,0
03-11-1997,5.78,5.82,5.72,5.77,0
03-12-1997,6.00,6.02,5.84,5.85,0
03-13-1997,5.82,5.83,5.58,5.58,0
03-14-1997,5.47,5.50,5.36,5.44,0
03-17-1997,5.36,5.38,5.15,5.26,0
03-18-1997,5.36,5.39,5.08,5.15,0
03-19-1997,5.18,5.28,5.12,5.23,0
03-20-1997,5.25,5.32,5.11,5.11,0
03-21-1997,5.11,5.20,5.08,5.11,0
03-24-1997,5.16,5.51,5.16,5.45,0
03-25-1997,5.54,5.68,5.47,5.50,0
03-26-1997,5.51,5.52,5.30,5.37,0
03-27-1997,5.39,5.44,4.93,5.06,0
03-31-1997,5.05,5.05,4.75,4.80,0
04-01-1997,4.83,4.89,4.70,4.80,0
04-02-1997,4.78,4.81,4.60,4.63,0
04-03-1997,4.63,4.71,4.55,4.60,0
04-04-1997,4.53,4.74,4.45,4.69,0
04-07-1997,4.72,4.81,4.69,4.69,0
04-08-1997,4.74,4.85,4.69,4.84,0
04-09-1997,4.80,4.82,4.46,4.48,0
04-10-1997,4.48,4.48,4.17,4.29,0
04-11-1997,4.28,4.28,4.08,4.18,0
04-14-1997,4.18,4.22,4.05,4.14,0
04-15-1997,4.22,4.24,3.72,3.86,0
04-16-1997,3.95,4.03,3.83,4.02,0
04-17-1997,3.92,4.12,3.89,3.95,0
04-18-1997,4.04,4.05,3.84,3.86,0
04-21-1997,3.80,3.84,3.68,3.71,0
04-22-1997,3.71,3.94,3.71,3.82,0
04-23-1997,3.66,3.73,3.66,3.68,0
04-24-1997,3.69,3.88,3.69,3.84,0
04-25-1997,3.83,3.89,3.74,3.75,0
04-28-1997,3.80,4.12,3.80,4.08,0
04-29-1997,4.27,4.46,4.27,4.36,0
04-30-1997,4.22,4.34,4.22,4.25,0
05-01-1997,4.32,4.35,4.09,4.18,0
05-02-1997,4.12,4.26,4.09,4.25,0
05-05-1997,4.37,4.46,4.31,4.46,0
05-06-1997,4.44,4.71,4.44,4.66,0
05-07-1997,4.74,4.74,4.43,4.43,0
05-08-1997,4.21,4.49,4.13,4.37,0
05-09-1997,4.42,4.52,4.32,4.48,0
05-12-1997,4.54,4.75,4.53,4.73,0
05-13-1997,4.69,4.77,4.51,4.64,0
05-14-1997,4.79,4.90,4.77,4.83,0
05-15-1997,4.75,4.78,4.65,4.76,0
05-16-1997,4.76,4.76,4.56,4.60,0
05-19-1997,4.59,4.63,4.12,4.12,0
05-20-1997,4.16,4.27,4.11,4.21,0
05-21-1997,4.27,4.27,3.91,4.02,0
05-22-1997,3.96,4.01,3.85,3.94,0
05-23-1997,4.02,4.24,4.00,4.22,0
05-27-1997,4.17,4.17,4.02,4.02,0
05-28-1997,4.06,4.09,3.93,3.98,0
05-29-1997,4.03,4.10,3.99,4.01,0
05-30-1997,3.93,4.26,3.92,4.20,0
06-02-1997,4.26,4.33,4.09,4.12,0
06-03-1997,4.15,4.29,4.15,4.24,0
06-04-1997,4.23,4.24,3.99,4.01,0
06-05-1997,4.04,4.07,3.90,3.93,0
06-06-1997,3.91,4.17,3.87,4.15,0
06-09-1997,4.07,4.15,4.01,4.11,0
06-10-1997,4.18,4.31,4.16,4.31,0
06-11-1997,4.31,4.45,4.31,4.43,0
06-12-1997,4.57,4.66,4.52,4.65,0
06-13-1997,4.65,4.92,4.65,4.92,0
06-16-1997,4.80,4.87,4.77,4.81,0
06-17-1997,4.79,4.93,4.70,4.88,0
06-18-1997,4.88,4.96,4.82,4.93,0
06-19-1997,4.91,4.94,4.86,4.88,0
06-20-1997,4.85,4.87,4.75,4.79,0
06-23-1997,4.60,4.71,4.41,4.41,0
06-24-1997,4.44,4.75,4.33,4.75,0
06-25-1997,4.82,4.86,4.55,4.61,0
06-26-1997,4.60,4.63,4.51,4.55,0
06-27-1997,4.61,4.68,4.55,4.55,0
06-30-1997,4.50,4.51,4.23,4.24,0
07-01-1997,4.22,4.32,4.19,4.25,0
07-02-1997,4.28,4.48,4.25,4.48,0
07-03-1997,4.59,4.65,4.57,4.58,0
07-07-1997,4.66,4.70,4.59,4.61,0
07-08-1997,4.58,4.61,4.51,4.58,0
07-09-1997,4.04,4.14,3.92,3.96,0
07-10-1997,3.83,4.19,3.83,4.18,0
07-11-1997,4.10,4.24,4.10,4.22,0
07-14-1997,4.19,4.20,3.94,4.04,0
07-15-1997,4.03,4.15,3.86,4.09,0
07-16-1997,4.04,4.04,3.88,3.95,0
07-17-1997,3.86,3.86,3.73,3.73,0
07-18-1997,3.81,3.81,3.65,3.70,0
07-21-1997,3.79,3.83,3.62,3.62,0
07-22-1997,3.73,4.04,3.70,4.01,0
07-23-1997,4.09,4.15,4.01,4.04,0
07-24-1997,4.09,4.24,4.03,4.24,0
07-25-1997,4.06,4.11,4.01,4.06,0
07-28-1997,4.18,4.28,4.17,4.22,0
07-29-1997,4.20,4.36,4.17,4.35,0
07-30-1997,4.39,4.49,4.35,4.36,0
07-31-1997,4.35,4.47,4.35,4.44,0
08-01-1997,4.41,4.41,4.20,4.30,0
08-04-1997,4.31,4.44,4.30,4.39,0
08-05-1997,4.39,4.40,4.30,4.32,0
08-06-1997,4.21,4.35,4.21,4.24,0
08-07-1997,4.25,4.27,4.13,4.14,0
08-08-1997,3.96,3.96,3.83,3.87,0
08-11-1997,3.87,4.00,3.87,3.99,0
08-12-1997,4.00,4.05,3.92,3.93,0
08-13-1997,4.01,4.06,3.93,3.96,0
08-14-1997,3.98,4.00,3.75,3.88,0
08-15-1997,3.81,3.81,3.73,3.75,0
08-18-1997,3.77,3.89,3.73,3.89,0
08-19-1997,4.07,4.10,4.03,4.07,0
08-20-1997,4.07,4.20,4.05,4.19,0
08-21-1997,4.22,4.25,3.67,3.98,0
08-22-1997,3.89,4.04,3.83,4.02,0
08-25-1997,4.05,4.06,3.88,3.92,0
08-26-1997,3.73,3.75,3.68,3.69,0
08-27-1997,3.65,3.69,3.55,3.56,0
08-28-1997,3.47,3.48,3.32,3.35,0
08-29-1997,3.38,3.56,3.34,3.49,0
09-02-1997,3.61,3.89,3.61,3.87,0
09-03-1997,4.00,4.11,3.89,3.99,0
09-04-1997,3.96,4.07,3.95,4.01,0
09-05-1997,4.04,4.09,3.96,3.99,0
09-08-1997,4.02,4.15,4.02,4.15,0
09-09-1997,4.13,4.13,4.02,4.05,0
09-10-1997,4.17,4.17,3.97,3.98,0
09-11-1997,3.94,3.94,3.71,3.86,0
09-12-1997,3.91,3.95,3.70,3.79,0
09-15-1997,3.69,3.74,3.68,3.72,0
09-16-1997,3.88,4.03,3.88,3.97,0
09-17-1997,4.08,4.08,3.98,4.04,0
09-18-1997,4.13,4.31,4.12,4.27,0
09-19-1997,4.23,4.41,4.21,4.33,0
09-22-1997,4.30,4.43,4.30,4.40,0
09-23-1997,4.41,4.46,4.30,4.36,0
09-24-1997,4.39,4.56,4.34,4.35,0
09-25-1997,4.39,4.47,4.39,4.44,0
09-26-1997,4.41,4.54,4.41,4.52,0
09-29-1997,4.58,4.70,4.52,4.69,0
09-30-1997,4.70,4.71,4.53,4.53,0
10-01-1997,4.60,4.73,4.60,4.71,0
10-02-1997,4.71,4.87,4.70,4.87,0
10-03-1997,4.91,4.98,4.86,4.92,0
10-06-1997,4.99,5.14,4.99,5.06,0
10-07-1997,5.09,5.17,5.03,5.16,0
10-08-1997,5.28,5.28,5.08,5.13,0
10-09-1997,5.11,5.19,5.04,5.16,0
10-10-1997,5.09,5.12,5.02,5.06,0
10-13-1997,5.06,5.11,4.98,5.06,0
10-14-1997,5.06,5.10,4.95,5.03,0
10-15-1997,5.07,5.10,5.02,5.04,0
10-16-1997,5.17,5.31,5.15,5.20,0
10-17-1997,4.97,5.01,4.85,4.87,0
10-20-1997,5.03,5.07,4.95,5.05,0
10-21-1997,5.38,5.89,5.36,5.89,0
10-22-1997,5.82,5.88,5.68,5.84,0
10-23-1997,5.71,5.78,5.61,5.67,0
10-24-1997,5.68,5.76,5.51,5.64,0
10-27-1997,5.51,5.58,5.17,5.18,0
10-28-1997,5.17,5.53,5.13,5.50,0
10-29-1997,5.39,5.49,5.27,5.28,0
10-30-1997,5.15,5.27,5.01,5.02,0
10-31-1997,5.12,5.22,5.01,5.13,0
11-03-1997,5.33,5.52,5.33,5.50,0
11-04-1997,5.45,5.48,5.33,5.33,0
11-05-1997,5.29,5.31,5.16,5.20,0
11-06-1997,5.24,5.27,5.21,5.25,0
11-07-1997,4.97,5.02,4.78,4.91,0
11-10-1997,4.90,4.95,4.78,4.79,0
11-11-1997,4.80,4.88,4.66,4.73,0
11-12-1997,4.69,4.80,4.55,4.55,0
11-13-1997,4.34,4.48,4.28,4.46,0
11-14-1997,4.51,4.55,4.41,4.52,0
11-17-1997,4.64,4.78,4.64,4.71,0
11-18-1997,4.67,4.71,4.62,4.64,0
11-19-1997,4.68,4.81,4.64,4.77,0
11-20-1997,4.74,5.00,4.74,4.94,0
11-21-1997,4.95,5.07,4.95,5.05,0
11-24-1997,5.19,5.19,4.89,4.89,0
11-25-1997,4.76,5.03,4.75,5.01,0
11-26-1997,5.02,5.22,5.02,5.19,0
11-28-1997,5.19,5.23,5.15,5.20,0
12-01-1997,5.43,5.81,5.41,5.81,0
12-02-1997,5.72,5.78,5.64,5.77,0
12-03-1997,5.82,5.92,5.72,5.76,0
12-04-1997,5.72,6.82,5.64,6.21,0
12-05-1997,6.29,6.38,6.06,6.20,0
12-08-1997,6.45,6.50,6.24,6.35,0
12-09-1997,6.31,6.67,6.31,6.63,0
12-10-1997,6.72,6.78,6.58,6.75,0
12-11-1997,6.73,6.73,6.55,6.56,0
12-12-1997,6.66,6.73,6.49,6.58,0
12-15-1997,6.63,6.83,6.63,6.81,0
12-16-1997,6.81,6.86,6.70,6.80,0
12-17-1997,6.68,6.75,6.60,6.69,0
12-18-1997,6.75,6.78,6.65,6.76,0
12-19-1997,6.61,6.62,6.19,6.52,0
12-22-1997,6.68,6.80,6.51,6.57,0
12-23-1997,6.58,6.58,6.41,6.46,0
12-24-1997,6.37,6.40,6.26,6.26,0
12-26-1997,6.25,6.36,6.19,6.19,0
12-29-1997,6.01,6.31,6.01,6.08,0
12-30-1997,6.16,6.34,6.11,6.33,0
12-31-1997,6.34,6.47,6.29,6.46,0
01-02-1998,6.56,6.63,6.32,6.58,0
01-05-1998,6.58,6.60,6.40,6.50,0
01-06-1998,6.24,6.24,6.04,6.07,0
01-07-1998,6.04,6.05,5.77,5.85,0
01-08-1998,5.98,6.00,5.77,5.82,0
01-09-1998,5.77,5.77,5.48,5.60,0
01-12-1998,5.29,5.64,5.29,5.64,0
01-13-1998,5.77,5.88,5.64,5.70,0
01-14-1998,5.86,5.93,5.79,5.86,0
01-15-1998,5.85,5.85,5.77,5.79,0
01-16-1998,5.84,5.98,5.81,5.90,0
01-20-1998,5.92,6.24,5.92,6.22,0
01-21-1998,6.11,6.11,5.63,5.66,0
01-22-1998,5.60,5.60,5.17,5.22,0
01-23-1998,5.26,5.29,5.02,5.16,0
01-26-1998,5.23,5.27,4.90,5.00,0
01-27-1998,5.01,5.03,4.84,5.01,0
01-28-1998,4.99,5.23,4.89,5.19,0
01-29-1998,5.19,5.54,5.17,5.49,0
01-30-1998,5.44,5.64,5.34,5.47,0
02-02-1998,5.49,5.67,5.35,5.67,0
02-03-1998,5.80,6.04,5.76,5.94,0
02-04-1998,5.62,5.65,5.49,5.65,0
02-05-1998,5.68,5.76,5.57,5.70,0
02-06-1998,5.70,5.87,5.70,5.79,0
02-09-1998,5.83,5.89,5.79,5.86,0
02-10-1998,5.95,6.10,5.90,5.90,0
02-11-1998,5.90,6.09,5.88,6.09,0
02-12-1998,5.92,5.96,5.83,5.96,0
02-13-1998,6.07,6.15,6.02,6.11,0
02-17-1998,6.14,6.19,5.99,6.04,0
02-18-1998,5.95,5.97,5.89,5.91,0
02-19-1998,5.90,5.91,5.58,5.58,0
02-20-1998,5.54,5.59,5.35,5.58,0
02-23-1998,5.77,5.87,5.69,5.83,0
02-24-1998,5.64,5.64,5.51,5.56,0
02-25-1998,5.58,5.70,5.58,5.70,0
02-26-1998,5.78,5.89,5.77,5.86,0
02-27-1998,5.94,5.97,5.90,5.95,0
03-02-1998,5.87,6.02,5.85,5.86,0
03-03-1998,5.83,6.11,5.80,6.11,0
03-04-1998,6.03,6.04,5.75,5.77,0
03-05-1998,5.74,5.94,5.74,5.89,0
03-06-1998,5.89,6.04,5.87,6.04,0
03-09-1998,5.54,5.71,5.52,5.71,0
03-10-1998,5.66,5.88,5.64,5.79,0
03-11-1998,5.82,6.01,5.81,5.96,0
03-12-1998,6.06,6.10,5.95,6.03,0
03-13-1998,6.10,6.10,5.82,5.87,0
03-16-1998,5.91,6.11,5.91,6.08,0
03-17-1998,6.04,6.28,6.02,6.25,0
03-18-1998,6.26,6.32,6.18,6.28,0
03-19-1998,6.40,6.47,6.38,6.44,0
03-20-1998,6.39,6.48,6.33,6.46,0
03-23-1998,6.48,6.58,6.40,6.43,0
03-24-1998,6.39,6.43,6.33,6.41,0
03-25-1998,6.51,6.61,6.36,6.43,0
03-26-1998,6.43,6.56,6.42,6.48,0
03-27-1998,6.55,6.58,6.35,6.51,0
03-30-1998,6.33,6.40,6.19,6.24,0
03-31-1998,6.14,6.29,6.14,6.18,0
04-01-1998,6.27,6.29,6.14,6.19,0
04-02-1998,6.20,6.31,6.18,6.21,0
04-03-1998,6.24,6.39,6.12,6.36,0
04-06-1998,6.53,6.62,6.43,6.59,0
04-07-1998,6.48,6.61,6.41,6.48,0
04-08-1998,6.63,6.72,6.57,6.62,0
04-09-1998,6.54,6.93,6.48,6.89,0
04-13-1998,7.50,7.60,7.33,7.53,0
04-14-1998,7.61,7.75,7.58,7.72,0
04-15-1998,7.63,7.67,7.60,7.63,0
04-16-1998,7.70,7.72,7.64,7.67,0
04-17-1998,7.67,7.79,7.65,7.75,0
04-20-1998,7.67,7.97,7.58,7.90,0
04-21-1998,7.91,8.00,7.60,7.67,0
04-22-1998,7.89,8.05,7.71,7.92,0
04-23-1998,7.82,7.98,7.72,7.73,0
04-24-1998,7.80,7.84,7.66,7.73,0
04-27-1998,7.48,7.48,7.21,7.23,0
04-28-1998,7.26,7.34,7.01,7.24,0
04-29-1998,7.27,7.29,7.08,7.08,0
04-30-1998,7.24,7.58,7.24,7.53,0
05-01-1998,7.58,8.26,7.58,8.16,0
05-04-1998,8.24,8.24,7.89,7.99,0
05-05-1998,7.90,8.04,7.83,7.92,0
05-06-1998,7.91,7.94,7.66,7.68,0
05-07-1998,7.76,7.82,7.58,7.58,0
05-08-1998,7.56,7.73,7.51,7.56,0
05-11-1998,7.90,7.91,7.54,7.64,0
05-12-1998,7.83,7.92,7.76,7.87,0
05-13-1998,7.80,8.00,7.70,7.95,0
05-14-1998,7.87,8.02,7.79,8.02,0
05-15-1998,8.12,8.12,7.94,8.00,0
05-18-1998,7.90,7.91,7.68,7.71,0
05-19-1998,7.68,7.75,7.53,7.65,0
05-20-1998,7.75,7.85,7.75,7.82,0
05-21-1998,7.85,8.04,7.85,7.96,0
05-22-1998,8.05,8.09,7.87,8.01,0
05-26-1998,7.90,7.93,7.79,7.79,0
05-27-1998,7.71,7.74,7.51,7.60,0
05-28-1998,7.52,7.58,7.43,7.55,0
05-29-1998,7.57,7.60,7.36,7.39,0
06-01-1998,7.38,7.51,7.33,7.43,0
06-02-1998,7.37,7.45,7.31,7.33,0
06-03-1998,7.38,7.44,7.16,7.16,0
06-04-1998,7.07,7.13,6.99,7.07,0
06-05-1998,7.12,7.50,7.12,7.44,0
06-08-1998,7.70,7.83,7.39,7.52,0
06-09-1998,7.32,7.32,6.80,7.00,0
06-10-1998,7.09,7.26,7.05,7.16,0
06-11-1998,7.07,7.31,7.07,7.09,0
06-12-1998,7.20,7.26,6.89,7.00,0
06-15-1998,6.94,6.96,6.87,6.93,0
06-16-1998,6.86,6.92,6.74,6.81,0
06-17-1998,6.81,7.17,6.81,7.12,0
06-18-1998,7.09,7.12,7.01,7.04,0
06-19-1998,6.94,7.03,6.78,6.78,0
06-22-1998,6.75,6.84,6.64,6.83,0
06-23-1998,6.76,7.01,6.76,7.01,0
06-24-1998,7.04,7.19,6.97,7.11,0
06-25-1998,7.16,7.16,7.01,7.09,0
06-26-1998,7.24,7.27,7.19,7.19,0
06-29-1998,7.19,7.37,7.19,7.34,0
06-30-1998,7.30,7.50,7.26,7.50,0
07-01-1998,7.48,7.84,7.48,7.84,0
07-02-1998,7.83,7.83,7.65,7.79,0
07-06-1998,7.81,7.84,7.71,7.84,0
07-07-1998,7.89,7.94,7.77,7.92,0
07-08-1998,7.92,8.03,7.81,8.03,0
07-09-1998,8.11,8.12,8.00,8.02,0
07-10-1998,7.94,8.13,7.87,8.08,0
07-13-1998,8.20,8.20,7.96,7.96,0
07-14-1998,8.43,8.53,8.34,8.53,0
07-15-1998,8.57,8.62,8.18,8.18,0
07-16-1998,8.18,8.35,8.15,8.33,0
07-17-1998,8.25,8.28,8.08,8.10,0
07-20-1998,8.17,8.25,8.11,8.13,0
07-21-1998,8.14,8.23,7.76,7.78,0
07-22-1998,7.78,7.92,7.74,7.90,0
07-23-1998,7.82,7.84,7.55,7.55,0
07-24-1998,7.57,7.61,7.34,7.44,0
07-27-1998,7.54,7.87,7.43,7.83,0
07-28-1998,7.67,7.67,7.30,7.37,0
07-29-1998,7.33,7.45,7.18,7.26,0
07-30-1998,7.27,7.42,7.15,7.38,0
07-31-1998,7.40,7.48,7.21,7.27,0
08-03-1998,7.18,7.18,6.92,6.95,0
08-04-1998,7.00,7.09,6.51,6.51,0
08-05-1998,6.71,6.71,6.23,6.50,0
08-06-1998,6.39,6.47,6.31,6.45,0
08-07-1998,6.59,6.67,6.46,6.55,0
08-10-1998,6.44,6.50,6.36,6.42,0
08-11-1998,6.28,6.28,6.02,6.20,0
08-12-1998,6.36,6.62,6.36,6.62,0
08-13-1998,6.58,6.62,6.30,6.43,0
08-14-1998,6.33,6.37,5.90,5.93,0
08-17-1998,5.93,6.21,5.93,6.21,0
08-18-1998,6.21,6.59,6.19,6.59,0
08-19-1998,6.53,6.55,6.26,6.38,0
08-20-1998,6.36,6.45,6.18,6.19,0
08-21-1998,6.27,6.27,5.64,5.75,0
08-24-1998,5.68,5.92,5.68,5.82,0
08-25-1998,5.97,6.20,5.69,5.71,0
08-26-1998,5.55,5.63,5.34,5.60,0
08-27-1998,5.69,5.69,5.21,5.36,0
08-28-1998,5.36,5.50,5.16,5.20,0
08-31-1998,5.38,5.48,4.67,4.76,0
09-01-1998,4.80,5.48,4.49,5.48,0
09-02-1998,5.39,5.74,5.29,5.50,0
09-03-1998,5.43,5.51,5.18,5.30,0
09-04-1998,5.29,5.37,4.84,5.08,0
09-08-1998,5.45,5.87,5.44,5.83,0
09-09-1998,5.80,5.80,5.49,5.50,0
09-10-1998,5.02,5.16,4.84,5.14,0
09-11-1998,4.99,5.62,4.94,5.62,0
09-14-1998,5.91,6.05,5.79,5.83,0
09-15-1998,5.76,6.20,5.69,6.17,0
09-16-1998,6.14,6.28,5.94,6.23,0
09-17-1998,6.16,6.24,5.92,6.17,0
09-18-1998,6.17,6.22,6.11,6.16,0
09-21-1998,6.10,6.48,5.96,6.48,0
09-22-1998,6.61,6.98,6.58,6.89,0
09-23-1998,6.89,7.38,6.89,7.35,0
09-24-1998,7.06,7.14,6.85,6.97,0
09-25-1998,6.82,6.95,6.58,6.95,0
09-28-1998,7.04,7.36,6.99,7.26,0
09-29-1998,7.34,7.50,7.24,7.38,0
09-30-1998,7.38,7.38,6.91,7.11,0
10-01-1998,6.92,6.97,6.63,6.67,0
10-02-1998,6.77,6.92,6.33,6.67,0
10-05-1998,6.71,6.71,6.04,6.48,0
10-06-1998,6.70,6.73,5.98,5.98,0
10-07-1998,5.99,6.27,5.38,5.73,0
10-08-1998,5.49,5.74,5.09,5.59,0
10-09-1998,5.53,6.21,5.46,6.19,0
10-12-1998,6.35,6.50,5.55,5.71,0
10-13-1998,5.84,6.04,5.77,6.02,0
10-14-1998,5.91,6.29,5.75,6.15,0
10-15-1998,5.89,6.67,5.75,6.66,0
10-16-1998,7.11,7.24,6.85,6.86,0
10-19-1998,6.92,7.19,6.80,7.16,0
10-20-1998,7.32,7.57,7.32,7.53,0
10-21-1998,7.55,7.55,7.38,7.38,0
10-22-1998,7.28,7.36,6.92,7.16,0
10-23-1998,7.21,7.30,7.01,7.16,0
10-26-1998,7.10,7.16,7.01,7.02,0
10-27-1998,7.23,7.24,6.97,7.02,0
10-28-1998,7.07,7.29,7.04,7.28,0
10-29-1998,7.32,7.45,7.13,7.39,0
10-30-1998,7.50,7.55,7.41,7.45,0
11-02-1998,7.50,7.62,7.43,7.55,0
11-03-1998,7.54,7.71,7.48,7.60,0
11-04-1998,7.75,7.84,7.60,7.67,0
11-05-1998,8.01,8.34,7.92,8.34,0
11-06-1998,8.30,8.51,8.24,8.43,0
11-09-1998,8.43,8.43,8.05,8.11,0
11-10-1998,8.19,8.45,8.11,8.32,0
11-11-1998,8.34,8.34,8.03,8.11,0
11-12-1998,8.11,8.22,7.98,8.03,0
11-13-1998,7.98,8.03,7.77,7.90,0
11-16-1998,7.92,8.13,7.73,8.05,0
11-17-1998,7.94,8.56,7.86,8.47,0
11-18-1998,8.47,8.52,8.18,8.41,0
11-19-1998,8.26,8.47,8.07,8.22,0
11-20-1998,8.35,8.35,8.07,8.13,0
11-23-1998,8.16,8.33,7.84,7.92,0
11-24-1998,7.80,7.82,7.52,7.56,0
11-25-1998,7.46,7.54,7.35,7.46,0
11-27-1998,7.46,7.46,7.08,7.18,0
11-30-1998,7.10,7.10,6.53,6.70,0
12-01-1998,6.78,7.10,6.71,7.07,0
12-02-1998,7.03,7.37,6.99,7.35,0
12-03-1998,7.20,7.24,6.71,6.71,0
12-04-1998,6.95,7.29,6.86,7.24,0
12-07-1998,7.24,7.29,7.05,7.16,0
12-08-1998,6.99,7.03,6.65,6.67,0
12-09-1998,6.71,6.86,6.42,6.48,0
12-10-1998,6.50,6.76,6.23,6.65,0
12-11-1998,6.65,7.07,6.40,7.07,0
12-14-1998,6.67,6.86,6.46,6.57,0
12-15-1998,6.57,6.61,6.27,6.50,0
12-16-1998,6.63,6.84,6.37,6.78,0
12-17-1998,7.20,7.92,6.91,7.75,0
12-18-1998,7.90,7.98,7.75,7.90,0
12-21-1998,7.86,7.90,7.63,7.71,0
12-22-1998,7.75,7.79,7.39,7.46,0
12-23-1998,7.46,7.56,7.39,7.46,0
12-24-1998,7.33,7.41,7.24,7.41,0
12-28-1998,7.39,7.61,7.37,7.46,0
12-29-1998,7.71,7.99,7.50,7.94,0
12-30-1998,7.92,8.05,7.75,7.96,0
12-31-1998,8.05,8.20,7.86,8.20,0
01-04-1999,8.20,8.30,8.03,8.18,0
01-05-1999,8.13,8.24,7.99,8.24,0
01-06-1999,8.28,8.41,8.15,8.20,0
01-07-1999,7.90,8.16,7.86,8.16,0
01-08-1999,8.26,8.28,8.15,8.20,0
01-11-1999,8.03,8.05,7.37,7.52,0
01-12-1999,7.27,7.33,6.99,7.06,0
01-13-1999,6.48,6.99,6.44,6.86,0
01-14-1999,6.57,6.80,6.53,6.65,0
01-15-1999,6.59,7.25,6.59,7.25,0
01-19-1999,6.93,7.20,6.78,7.01,0
01-20-1999,6.91,7.12,6.61,7.12,0
01-21-1999,6.99,7.10,6.74,7.03,0
01-22-1999,7.06,7.18,6.84,6.99,0
01-25-1999,6.82,6.89,6.61,6.76,0
01-26-1999,6.63,6.63,6.31,6.51,0
01-27-1999,6.57,6.69,6.33,6.36,0
01-28-1999,6.44,6.59,6.36,6.55,0
01-29-1999,6.48,6.48,6.17,6.36,0
02-01-1999,6.27,6.27,5.87,5.98,0
02-02-1999,6.27,6.29,5.83,6.04,0
02-03-1999,6.19,6.36,5.97,5.97,0
02-04-1999,6.10,6.27,6.08,6.23,0
02-05-1999,6.02,6.19,5.91,6.19,0
02-08-1999,6.23,6.29,6.12,6.25,0
02-09-1999,6.29,6.29,5.63,5.83,0
02-10-1999,5.78,5.85,5.53,5.72,0
02-11-1999,5.76,6.31,5.51,6.14,0
02-12-1999,6.12,6.27,5.85,6.19,0
02-16-1999,6.40,6.48,6.25,6.42,0
02-17-1999,6.42,6.97,6.36,6.91,0
02-18-1999,7.05,7.20,6.99,7.16,0
02-19-1999,7.16,7.16,7.01,7.03,0
02-22-1999,7.10,7.37,7.08,7.35,0
02-23-1999,7.33,7.46,7.16,7.20,0
02-24-1999,7.20,7.31,6.67,6.74,0
02-25-1999,6.74,7.16,6.65,7.14,0
02-26-1999,7.18,7.24,6.93,7.08,0
03-01-1999,7.08,7.18,6.86,7.18,0
03-02-1999,7.29,7.63,7.24,7.33,0
03-03-1999,7.31,7.46,7.01,7.16,0
03-04-1999,7.33,7.46,7.25,7.39,0
03-05-1999,7.75,7.82,7.42,7.69,0
03-08-1999,7.58,7.84,7.50,7.77,0
03-09-1999,7.75,7.80,7.37,7.44,0
03-10-1999,7.48,7.77,7.25,7.77,0
03-11-1999,7.82,8.01,7.71,8.01,0
03-12-1999,8.09,8.09,7.71,7.80,0
03-15-1999,7.63,8.09,7.58,7.79,0
03-16-1999,7.84,7.88,7.22,7.39,0
03-17-1999,7.31,7.33,6.82,6.99,0
03-18-1999,6.97,7.88,6.94,7.83,0
03-19-1999,8.01,8.05,7.79,7.86,0
03-22-1999,7.84,8.03,7.82,7.98,0
03-23-1999,7.86,8.20,7.29,7.41,0
03-24-1999,7.29,7.37,7.20,7.31,0
03-25-1999,7.54,7.69,7.35,7.41,0
03-26-1999,7.12,7.20,6.99,7.05,0
03-29-1999,7.14,7.52,7.14,7.52,0
03-30-1999,7.16,7.48,6.99,7.03,0
03-31-1999,6.93,6.99,6.42,6.42,0
04-01-1999,6.59,7.05,6.27,7.05,0
04-05-1999,7.12,7.37,7.05,7.29,0
04-06-1999,7.37,7.63,7.24,7.46,0
04-07-1999,7.56,7.84,7.54,7.82,0
04-08-1999,8.18,8.22,8.09,8.18,0
04-09-1999,8.28,8.34,8.17,8.34,0
04-12-1999,8.30,8.47,8.24,8.43,0
04-13-1999,8.36,8.43,8.22,8.26,0
04-14-1999,8.26,8.58,8.09,8.09,0
04-15-1999,8.13,8.45,8.05,8.37,0
04-16-1999,8.39,8.45,8.16,8.45,0
04-19-1999,8.35,8.75,8.35,8.56,0
04-20-1999,8.90,9.11,8.73,9.07,0
04-21-1999,9.07,9.19,8.79,9.09,0
04-22-1999,8.96,9.11,8.69,9.09,0
04-23-1999,9.05,9.17,8.96,9.11,0
04-26-1999,9.30,9.49,9.19,9.26,0
04-27-1999,9.17,9.66,9.04,9.62,0
04-28-1999,9.62,9.81,9.43,9.57,0
04-29-1999,9.70,10.00,9.40,9.62,0
04-30-1999,9.74,9.95,9.26,9.51,0
05-03-1999,9.34,9.68,9.21,9.68,0
05-04-1999,9.55,9.66,9.11,9.64,0
05-05-1999,9.64,9.76,9.42,9.74,0
05-06-1999,9.57,9.57,9.23,9.40,0
05-07-1999,9.22,9.47,9.11,9.24,0
05-10-1999,9.28,9.28,8.90,8.92,0
05-11-1999,8.94,9.24,8.83,9.11,0
05-12-1999,9.19,9.38,8.77,9.17,0
05-13-1999,9.43,9.64,9.32,9.45,0
05-14-1999,9.09,9.21,8.90,8.94,0
05-17-1999,9.02,9.07,8.60,8.64,0
05-18-1999,8.51,8.79,8.30,8.41,0
05-19-1999,8.68,8.79,8.56,8.73,0
05-20-1999,8.81,8.81,8.60,8.64,0
05-21-1999,8.64,8.77,8.58,8.77,0
05-24-1999,8.75,8.75,8.28,8.54,0
05-25-1999,8.49,8.56,7.54,7.67,0
05-26-1999,8.05,8.73,7.84,8.73,0
05-27-1999,8.30,8.58,7.92,8.01,0
05-28-1999,8.18,8.49,8.11,8.34,0
06-01-1999,8.30,8.37,7.96,8.24,0
06-02-1999,8.28,8.28,8.03,8.11,0
06-03-1999,8.13,8.24,8.09,8.18,0
06-04-1999,8.18,8.24,7.94,8.18,0
06-07-1999,8.09,8.54,8.09,8.50,0
06-08-1999,8.52,8.64,8.35,8.45,0
06-09-1999,8.66,8.81,8.56,8.62,0
06-10-1999,8.28,8.41,8.17,8.30,0
06-11-1999,8.22,8.43,8.22,8.43,0
06-14-1999,8.56,8.56,8.32,8.36,0
06-15-1999,8.37,8.66,8.37,8.49,0
06-16-1999,8.77,8.92,8.75,8.83,0
06-17-1999,8.71,9.28,8.71,9.19,0
06-18-1999,9.28,9.36,9.15,9.33,0
06-21-1999,9.34,9.36,9.15,9.23,0
06-22-1999,9.19,9.36,9.17,9.32,0
06-23-1999,9.32,9.32,8.98,9.23,0
06-24-1999,9.13,9.28,8.98,9.06,0
06-25-1999,9.27,9.40,9.27,9.38,0
06-28-1999,9.44,9.59,9.40,9.44,0
06-29-1999,9.47,9.79,9.36,9.79,0
06-30-1999,9.53,9.53,8.96,9.19,0
07-01-1999,9.21,9.51,8.98,9.49,0
07-02-1999,9.47,9.66,9.44,9.63,0
07-06-1999,9.63,9.91,9.63,9.89,0
07-07-1999,9.81,9.93,9.66,9.89,0
07-08-1999,9.83,10.00,9.72,9.87,0
07-09-1999,9.91,10.06,9.87,10.02,0
07-12-1999,9.83,9.83,9.34,9.43,0
07-13-1999,9.51,9.70,9.43,9.62,0
07-14-1999,9.64,9.68,9.28,9.36,0
07-15-1999,9.43,9.47,9.23,9.36,0
07-16-1999,9.45,9.55,9.19,9.49,0
07-19-1999,9.45,9.47,9.28,9.34,0
07-20-1999,9.19,9.21,8.94,9.04,0
07-21-1999,9.17,9.32,9.02,9.13,0
07-22-1999,9.13,9.32,8.96,9.09,0
07-23-1999,9.19,9.23,8.81,9.09,0
07-26-1999,8.87,9.02,8.81,8.81,0
07-27-1999,8.98,9.02,8.72,8.87,0
07-28-1999,8.87,8.92,8.68,8.79,0
07-29-1999,8.53,8.64,8.36,8.62,0
07-30-1999,8.45,8.45,7.86,8.01,0
08-02-1999,8.26,8.26,7.82,7.88,0
08-03-1999,7.96,8.03,7.60,8.03,0
08-04-1999,8.03,8.03,7.65,7.65,0
08-05-1999,7.50,7.71,7.05,7.63,0
08-06-1999,7.54,7.54,7.22,7.37,0
08-09-1999,7.54,7.94,7.54,7.79,0
08-10-1999,7.71,7.79,7.50,7.54,0
08-11-1999,7.65,8.01,7.62,7.94,0
08-12-1999,8.03,8.20,7.67,7.67,0
08-13-1999,7.90,8.37,7.86,8.32,0
08-16-1999,8.24,8.45,8.13,8.39,0
08-17-1999,8.98,9.02,8.73,8.85,0
08-18-1999,8.94,8.96,8.75,8.89,0
08-19-1999,8.81,9.02,8.77,9.02,0
08-20-1999,8.92,9.28,8.87,9.28,0
08-23-1999,9.27,9.66,9.27,9.64,0
08-24-1999,9.51,9.87,9.40,9.61,0
08-25-1999,9.40,9.91,9.19,9.83,0
08-26-1999,9.74,9.97,9.36,9.38,0
08-27-1999,9.57,9.57,9.08,9.17,0
08-30-1999,9.11,9.19,8.58,8.64,0
08-31-1999,8.64,8.79,8.34,8.49,0
09-01-1999,8.51,8.81,8.43,8.77,0
09-02-1999,8.47,8.53,8.07,8.28,0
09-03-1999,8.47,8.90,8.45,8.87,0
09-07-1999,8.90,8.92,8.39,8.43,0
09-08-1999,8.37,8.39,8.13,8.37,0
09-09-1999,8.41,8.41,7.84,8.20,0
09-10-1999,8.26,8.53,8.15,8.39,0
09-13-1999,8.39,8.51,8.13,8.51,0
09-14-1999,8.34,8.34,7.77,7.88,0
09-15-1999,8.17,8.34,7.92,7.96,0
09-16-1999,7.86,7.96,7.54,7.77,0
09-17-1999,7.77,8.15,7.73,7.94,0
09-20-1999,8.13,8.15,7.64,7.83,0
09-21-1999,7.62,7.88,7.56,7.75,0
09-22-1999,7.88,8.19,7.83,8.09,0
09-23-1999,8.17,8.55,7.98,8.05,0
09-24-1999,8.00,8.66,8.00,8.57,0
09-27-1999,8.58,8.68,8.09,8.17,0
09-28-1999,8.13,8.55,7.96,8.26,0
09-29-1999,8.53,8.55,8.19,8.36,0
09-30-1999,8.76,9.12,8.57,8.93,0
10-01-1999,8.64,8.74,8.38,8.64,0
10-04-1999,8.89,9.34,8.87,9.27,0
10-05-1999,9.23,9.61,9.02,9.23,0
10-06-1999,9.27,9.61,9.25,9.53,0
10-07-1999,9.55,9.55,9.21,9.23,0
10-08-1999,9.02,9.70,8.96,9.70,0
10-11-1999,9.72,9.85,9.65,9.74,0
10-12-1999,9.57,9.57,9.34,9.46,0
10-13-1999,9.38,9.53,8.53,8.79,0
10-14-1999,8.68,9.08,8.66,9.00,0
10-15-1999,8.39,8.77,8.28,8.47,0
10-18-1999,8.53,8.79,8.38,8.72,0
10-19-1999,9.06,9.57,9.02,9.44,0
10-20-1999,9.49,9.91,9.46,9.87,0
10-21-1999,9.66,10.06,9.61,9.82,0
10-22-1999,10.21,10.54,10.08,10.46,0
10-25-1999,10.29,10.35,10.08,10.23,0
10-26-1999,10.46,10.69,10.35,10.44,0
10-27-1999,10.59,11.05,10.50,11.05,0
10-28-1999,11.69,12.30,11.56,12.01,0
10-29-1999,11.73,11.92,11.31,11.52,0
11-01-1999,11.22,11.29,10.99,11.18,0
11-02-1999,11.12,11.58,11.05,11.35,0
11-03-1999,11.37,11.41,11.01,11.01,0
11-04-1999,11.10,11.33,11.10,11.22,0
11-05-1999,11.65,11.77,11.18,11.24,0
11-08-1999,10.88,11.26,10.80,11.26,0
11-09-1999,11.35,11.37,10.63,10.78,0
11-10-1999,10.33,10.65,10.16,10.48,0
11-11-1999,10.50,10.76,10.33,10.65,0
11-12-1999,10.84,11.43,10.71,11.39,0
11-15-1999,11.52,11.54,11.14,11.31,0
11-16-1999,11.33,11.73,11.33,11.69,0
11-17-1999,11.56,11.56,11.22,11.26,0
11-18-1999,11.46,11.58,11.29,11.54,0
11-19-1999,11.46,11.52,11.31,11.31,0
11-22-1999,11.20,11.58,11.12,11.20,0
11-23-1999,11.35,11.43,10.95,11.07,0
11-24-1999,10.88,11.10,10.88,10.88,0
11-26-1999,11.05,11.07,10.95,10.95,0
11-29-1999,10.84,10.90,10.63,10.63,0
11-30-1999,10.63,11.28,10.63,11.13,0
12-01-1999,11.09,11.33,11.05,11.26,0
12-02-1999,11.10,11.39,11.10,11.24,0
12-03-1999,11.48,11.77,11.29,11.29,0
12-06-1999,11.45,11.52,10.78,10.88,0
12-07-1999,10.38,10.57,10.02,10.06,0
12-08-1999,10.10,10.25,10.06,10.15,0
12-09-1999,10.10,10.59,10.10,10.50,0
12-10-1999,10.86,10.88,10.67,10.67,0
12-13-1999,10.46,10.56,10.33,10.42,0
12-14-1999,10.33,10.48,10.06,10.20,0
12-15-1999,10.06,10.18,9.57,9.63,0
12-16-1999,8.45,9.15,8.43,8.85,0
12-17-1999,8.83,9.21,8.76,9.00,0
12-20-1999,8.95,9.29,8.93,9.17,0
12-21-1999,9.12,9.46,8.85,9.02,0
12-22-1999,9.06,9.29,9.06,9.21,0
12-23-1999,9.25,9.51,9.08,9.48,0
12-27-1999,9.29,9.61,9.21,9.23,0
12-28-1999,9.32,9.42,9.19,9.34,0
12-29-1999,9.27,9.34,8.93,9.04,0
12-30-1999,9.06,9.23,9.02,9.06,0
12-31-1999,9.00,9.02,8.85,8.96,0
01-03-2000,8.96,8.98,8.17,8.55,0
01-04-2000,8.00,8.15,7.58,7.98,0
01-05-2000,7.92,8.17,7.60,7.85,0
01-06-2000,7.85,8.51,7.81,8.32,0
01-07-2000,8.68,8.83,8.45,8.64,0
01-10-2000,8.47,8.55,8.26,8.30,0
01-11-2000,8.11,8.17,7.85,7.92,0
01-12-2000,7.94,8.38,7.94,8.28,0
01-13-2000,8.64,8.85,8.58,8.83,0
01-14-2000,9.95,9.95,9.06,9.25,0
01-18-2000,8.68,8.85,8.26,8.38,0
01-19-2000,8.21,8.41,7.58,7.66,0
01-20-2000,7.68,7.85,7.35,7.54,0
01-21-2000,7.58,7.96,7.43,7.62,0
01-24-2000,7.83,7.98,7.30,7.45,0
01-25-2000,7.43,8.17,7.43,8.04,0
01-26-2000,8.07,8.43,7.92,8.34,0
01-27-2000,8.30,8.68,8.15,8.43,0
01-28-2000,8.47,8.55,8.23,8.43,0
01-31-2000,8.36,8.93,8.36,8.93,0
02-01-2000,8.98,9.21,8.91,9.12,0
02-02-2000,9.12,9.15,8.64,8.64,0
02-03-2000,8.78,8.89,8.36,8.64,0
02-04-2000,8.64,8.64,8.40,8.45,0
02-07-2000,8.42,8.55,8.34,8.40,0
02-08-2000,8.45,8.87,8.45,8.66,0
02-09-2000,8.40,8.47,8.17,8.21,0
02-10-2000,8.13,8.19,7.73,7.75,0
02-11-2000,8.23,8.55,8.04,8.30,0
02-14-2000,8.30,8.38,8.04,8.11,0
02-15-2000,7.96,8.15,7.75,8.07,0
02-16-2000,8.09,8.09,7.49,7.49,0
02-17-2000,7.85,7.88,6.94,7.13,0
02-18-2000,7.15,7.15,6.48,6.73,0
02-22-2000,6.98,7.41,6.64,7.41,0
02-23-2000,7.11,7.26,6.60,6.73,0
02-24-2000,6.52,6.67,6.14,6.43,0
02-25-2000,6.58,6.82,6.26,6.41,0
02-28-2000,6.65,7.05,6.52,6.90,0
02-29-2000,7.03,7.05,6.52,6.67,0
03-01-2000,6.83,7.47,6.83,7.39,0
03-02-2000,7.68,7.72,6.96,7.13,0
03-03-2000,7.36,7.49,7.17,7.39,0
03-06-2000,7.22,7.49,7.13,7.13,0
03-07-2000,7.30,7.30,6.60,6.75,0
03-08-2000,6.50,6.88,5.88,5.88,0
03-09-2000,7.01,7.01,6.31,6.50,0
03-10-2000,6.65,6.73,6.31,6.37,0
03-13-2000,6.31,6.71,6.18,6.60,0
03-14-2000,6.54,6.58,6.33,6.35,0
03-15-2000,6.39,7.47,6.39,7.40,0
03-16-2000,7.70,8.67,7.57,8.59,0
03-17-2000,8.38,8.87,8.36,8.51,0
03-20-2000,8.51,8.53,8.13,8.32,0
03-21-2000,8.36,9.12,8.36,9.00,0
03-22-2000,8.87,9.14,8.78,9.06,0
03-23-2000,9.10,9.80,9.06,9.63,0
03-24-2000,9.48,9.91,9.27,9.36,0
03-27-2000,9.31,9.63,9.10,9.33,0
03-28-2000,9.19,9.44,9.10,9.25,0
03-29-2000,9.06,9.21,8.57,8.79,0
03-30-2000,9.19,9.38,8.83,8.83,0
03-31-2000,8.66,9.29,8.43,9.10,0
04-03-2000,9.17,10.33,9.06,10.10,0
04-04-2000,10.10,10.71,9.53,9.95,0
04-05-2000,10.10,10.10,9.48,9.76,0
04-06-2000,9.53,9.70,8.89,9.19,0
04-07-2000,9.02,9.17,8.89,8.93,0
04-10-2000,8.26,8.98,8.21,8.76,0
04-11-2000,8.78,9.48,8.78,9.15,0
04-12-2000,9.34,9.87,9.25,9.61,0
04-13-2000,9.80,9.80,9.42,9.61,0
04-14-2000,9.78,9.80,8.59,9.19,0
04-17-2000,8.72,9.21,8.72,8.97,0
04-18-2000,8.72,9.59,8.70,9.38,0
04-19-2000,9.38,9.46,9.17,9.36,0
04-20-2000,9.48,9.78,9.34,9.63,0
04-24-2000,9.63,10.08,9.59,9.95,0
04-25-2000,10.03,10.56,10.03,10.06,0
04-26-2000,10.06,10.37,10.06,10.06,0
04-27-2000,9.84,9.97,9.69,9.84,0
04-28-2000,9.93,10.06,9.50,9.50,0
05-01-2000,9.40,9.67,9.25,9.40,0
05-02-2000,9.29,9.59,9.19,9.40,0
05-03-2000,9.34,9.55,9.06,9.12,0
05-04-2000,9.23,9.38,8.87,8.93,0
05-05-2000,8.89,9.17,8.76,8.98,0
05-08-2000,8.89,9.61,8.85,9.44,0
05-09-2000,9.57,9.84,9.48,9.61,0
05-10-2000,9.61,9.76,9.50,9.63,0
05-11-2000,9.95,10.33,9.91,9.99,0
05-12-2000,9.93,10.69,9.86,10.39,0
05-15-2000,10.48,10.84,10.42,10.80,0
05-16-2000,10.84,10.84,10.29,10.37,0
05-17-2000,10.22,10.44,10.03,10.18,0
05-18-2000,10.22,10.65,10.16,10.27,0
05-19-2000,10.03,10.22,9.80,10.12,0
05-22-2000,10.33,10.58,10.08,10.46,0
05-23-2000,10.46,10.88,10.39,10.44,0
05-24-2000,10.69,10.97,10.48,10.59,0
05-25-2000,10.48,10.48,9.87,10.25,0
05-26-2000,10.16,10.61,10.10,10.37,0
05-30-2000,10.73,10.80,10.39,10.75,0
05-31-2000,10.80,10.97,10.63,10.88,0
06-01-2000,10.88,11.43,10.78,11.11,0
06-02-2000,11.48,11.73,11.39,11.73,0
06-05-2000,11.35,11.54,10.75,10.84,0
06-06-2000,10.78,10.78,10.25,10.69,0
06-07-2000,10.65,11.09,10.59,10.92,0
06-08-2000,10.84,10.88,10.35,10.69,0
06-09-2000,10.69,10.69,9.89,10.01,0
06-12-2000,10.20,10.42,10.12,10.29,0
06-13-2000,10.16,10.26,9.97,10.20,0
06-14-2000,10.20,10.54,10.07,10.48,0
06-15-2000,10.25,10.42,9.46,9.72,0
06-16-2000,9.61,9.61,8.11,8.42,0
06-19-2000,8.53,9.25,8.49,9.19,0
06-20-2000,9.14,9.29,8.68,8.81,0
06-21-2000,8.83,8.85,8.45,8.53,0
06-22-2000,8.59,8.89,8.47,8.87,0
06-23-2000,8.98,9.12,8.78,8.83,0
06-26-2000,8.95,9.25,8.87,9.08,0
06-27-2000,9.36,9.65,9.27,9.36,0
06-28-2000,9.27,9.74,9.19,9.31,0
06-29-2000,9.19,9.27,9.02,9.10,0
06-30-2000,9.10,9.23,8.51,8.68,0
07-03-2000,9.19,9.38,9.06,9.34,0
07-05-2000,9.53,9.86,9.44,9.59,0
07-06-2000,9.70,10.08,9.31,9.95,0
07-07-2000,10.01,10.37,9.93,9.95,0
07-10-2000,10.03,10.25,9.91,9.91,0
07-11-2000,9.74,9.99,9.65,9.89,0
07-12-2000,10.06,10.23,9.78,9.91,0
07-13-2000,10.12,10.27,9.72,9.93,0
07-14-2000,9.99,10.39,9.95,10.31,0
07-17-2000,10.42,10.46,10.12,10.25,0
07-18-2000,9.95,9.99,9.67,9.80,0
07-19-2000,9.72,9.82,9.63,9.76,0
07-20-2000,9.82,10.22,9.82,10.18,0
07-21-2000,10.14,10.20,9.70,9.82,0
07-24-2000,9.72,9.91,9.55,9.55,0
07-25-2000,9.78,9.78,9.40,9.59,0
07-26-2000,9.15,9.38,9.15,9.25,0
07-27-2000,9.46,9.78,9.40,9.70,0
07-28-2000,9.36,9.59,9.21,9.48,0
07-31-2000,9.59,9.61,9.29,9.38,0
08-01-2000,9.61,9.63,9.34,9.42,0
08-02-2000,9.50,9.57,9.34,9.50,0
08-03-2000,9.48,10.39,9.42,10.31,0
08-04-2000,10.48,10.67,10.39,10.48,0
08-07-2000,10.56,10.71,10.29,10.59,0
08-08-2000,10.57,10.57,10.14,10.35,0
08-09-2000,10.37,10.65,10.01,10.57,0
08-10-2000,10.59,10.82,10.40,10.54,0
08-11-2000,10.52,10.76,10.46,10.63,0
08-14-2000,10.59,10.80,10.35,10.71,0
08-15-2000,10.67,10.71,10.25,10.52,0
08-16-2000,10.42,10.63,10.31,10.37,0
08-17-2000,10.44,10.67,10.33,10.52,0
08-18-2000,10.44,10.52,10.35,10.37,0
08-21-2000,10.37,10.54,10.33,10.50,0
08-22-2000,10.61,11.07,10.52,10.99,0
08-23-2000,10.71,10.88,10.54,10.67,0
08-24-2000,10.69,10.76,10.48,10.50,0
08-25-2000,10.54,10.61,10.37,10.44,0
08-28-2000,10.44,10.67,10.37,10.39,0
08-29-2000,10.31,10.35,10.06,10.12,0
08-30-2000,10.25,10.35,9.99,10.18,0
08-31-2000,10.18,10.52,10.10,10.10,0
09-01-2000,10.29,10.31,9.91,9.93,0
09-05-2000,9.99,10.29,9.93,10.27,0
09-06-2000,10.35,10.67,10.29,10.52,0
09-07-2000,10.71,10.82,10.61,10.71,0
09-08-2000,10.71,11.03,10.63,10.97,0
09-11-2000,11.22,11.39,11.07,11.14,0
09-12-2000,11.33,11.33,10.92,11.16,0
09-13-2000,11.16,11.43,11.07,11.22,0
09-14-2000,11.22,11.24,10.78,10.99,0
09-15-2000,10.94,11.18,10.78,11.11,0
09-18-2000,11.01,11.01,10.67,10.69,0
09-19-2000,10.75,11.05,10.71,10.96,0
09-20-2000,10.97,10.97,10.61,10.86,0
09-21-2000,10.82,10.86,10.58,10.67,0
09-22-2000,10.67,10.88,10.52,10.80,0
09-25-2000,10.97,11.26,10.78,11.09,0
09-26-2000,11.18,11.20,10.97,11.05,0
09-27-2000,10.90,11.22,10.82,11.16,0
09-28-2000,11.14,11.33,11.03,11.22,0
09-29-2000,11.18,11.41,10.95,11.03,0
10-02-2000,10.88,11.24,10.67,11.24,0
10-03-2000,11.35,11.65,11.35,11.48,0
10-04-2000,11.56,11.67,11.12,11.26,0
10-05-2000,11.33,11.65,11.33,11.46,0
10-06-2000,11.50,11.52,10.73,11.07,0
10-09-2000,10.90,11.22,10.86,11.01,0
10-10-2000,11.18,11.18,10.67,10.73,0
10-11-2000,10.37,10.52,9.99,10.16,0
10-12-2000,10.16,10.21,9.42,9.70,0
10-13-2000,9.61,10.18,9.61,9.91,0
10-16-2000,10.10,10.10,9.78,9.97,0
10-17-2000,9.95,9.97,9.25,9.33,0
10-18-2000,9.40,9.80,8.72,9.61,0
10-19-2000,9.29,9.85,9.25,9.68,0
10-20-2000,9.67,9.84,9.44,9.55,0
10-23-2000,9.72,9.72,9.49,9.55,0
10-24-2000,9.87,10.10,9.78,9.93,0
10-25-2000,9.95,10.25,9.59,9.61,0
10-26-2000,9.80,9.95,9.44,9.87,0
10-27-2000,9.80,10.23,9.78,10.10,0
10-30-2000,10.31,10.82,10.23,10.82,0
10-31-2000,10.86,11.07,10.57,10.99,0
11-01-2000,10.99,11.18,10.92,11.18,0
11-02-2000,11.22,11.39,11.11,11.26,0
11-03-2000,11.03,11.31,10.99,11.18,0
11-06-2000,11.26,11.37,11.14,11.33,0
11-07-2000,11.26,11.28,11.05,11.22,0
11-08-2000,11.22,11.39,10.88,11.37,0
11-09-2000,11.37,11.71,11.35,11.67,0
11-10-2000,11.62,11.69,11.39,11.39,0
11-13-2000,11.18,11.45,10.82,11.01,0
11-14-2000,11.03,11.41,10.95,11.22,0
11-15-2000,10.93,11.01,10.44,10.59,0
11-16-2000,10.35,10.65,10.27,10.50,0
11-17-2000,10.46,10.65,10.16,10.59,0
11-20-2000,10.63,10.63,10.25,10.33,0
11-21-2000,10.33,10.78,10.27,10.67,0
11-22-2000,10.46,10.54,9.95,10.04,0
11-24-2000,10.20,10.27,10.10,10.16,0
11-27-2000,10.25,10.61,10.18,10.48,0
11-28-2000,10.46,10.99,10.37,10.90,0
11-29-2000,10.95,11.31,10.86,11.28,0
11-30-2000,11.41,11.60,11.18,11.54,0
12-01-2000,11.58,11.75,11.33,11.43,0
12-04-2000,11.41,11.48,11.07,11.22,0
12-05-2000,11.31,11.75,11.22,11.75,0
12-06-2000,11.47,12.47,11.47,11.94,0
12-07-2000,11.90,12.37,11.90,12.26,0
12-08-2000,12.39,12.41,12.07,12.22,0
12-11-2000,11.90,12.41,11.90,12.24,0
12-12-2000,12.32,12.32,12.07,12.30,0
12-13-2000,12.32,12.51,12.18,12.32,0
12-14-2000,12.07,12.24,11.77,12.20,0
12-15-2000,12.28,12.51,12.18,12.47,0
12-18-2000,12.75,13.32,12.68,13.23,0
12-19-2000,13.17,13.53,13.02,13.19,0
12-20-2000,13.02,13.45,12.81,13.32,0
12-21-2000,13.38,13.47,13.02,13.28,0
12-22-2000,13.45,13.83,13.40,13.70,0
12-26-2000,13.62,13.98,13.53,13.96,0
12-27-2000,13.93,14.04,13.76,14.04,0
12-28-2000,13.96,14.23,13.83,14.10,0
12-29-2000,14.29,14.36,14.04,14.12,0
01-02-2001,13.70,13.83,13.34,13.53,0
01-03-2001,13.21,13.60,12.24,13.30,0
01-04-2001,12.88,13.28,12.39,12.83,0
01-05-2001,12.52,12.96,12.05,12.88,0
01-08-2001,12.62,12.96,12.56,12.71,0
01-09-2001,12.68,12.94,11.90,11.96,0
01-10-2001,11.33,11.94,11.29,11.63,0
01-11-2001,11.86,12.22,11.65,11.77,0
01-12-2001,12.05,12.05,11.41,11.58,0
01-16-2001,11.61,12.09,11.27,12.01,0
01-17-2001,12.24,12.31,11.82,11.82,0
01-18-2001,11.99,11.99,11.50,11.54,0
01-19-2001,11.56,11.94,11.41,11.75,0
01-22-2001,11.75,12.11,11.60,11.94,0
01-23-2001,11.97,12.22,11.84,11.94,0
01-24-2001,12.22,12.49,12.07,12.30,0
01-25-2001,12.45,12.66,12.26,12.58,0
01-26-2001,12.60,12.87,12.43,12.75,0
01-29-2001,12.96,13.14,12.59,12.75,0
01-30-2001,12.92,13.08,12.58,13.02,0
01-31-2001,12.80,12.92,12.54,12.82,0
02-01-2001,12.66,12.94,12.22,12.44,0
02-02-2001,12.26,12.48,12.23,12.36,0
02-05-2001,12.58,12.80,12.44,12.75,0
02-06-2001,12.46,12.61,12.30,12.51,0
02-07-2001,12.51,12.72,12.37,12.45,0
02-08-2001,12.59,12.79,12.59,12.64,0
02-09-2001,12.68,12.71,12.39,12.53,0
02-12-2001,12.57,12.67,12.38,12.45,0
02-13-2001,12.40,12.44,12.02,12.10,0
02-14-2001,12.30,12.45,12.10,12.21,0
02-15-2001,12.23,12.32,11.98,12.01,0
02-16-2001,12.01,12.35,11.98,12.15,0
02-20-2001,12.22,12.22,11.50,11.58,0
02-21-2001,11.62,11.79,11.32,11.39,0
02-22-2001,11.40,11.50,10.83,11.41,0
02-23-2001,11.37,11.57,10.97,11.52,0
02-26-2001,11.38,11.79,11.15,11.76,0
02-27-2001,11.76,12.01,11.62,11.93,0
02-28-2001,12.10,12.10,11.57,11.78,0
03-01-2001,11.78,11.82,11.42,11.75,0
03-02-2001,11.80,12.07,11.70,11.96,0
03-05-2001,11.94,12.01,11.55,11.91,0
03-06-2001,12.14,12.21,11.54,11.79,0
03-07-2001,11.76,12.36,11.74,12.36,0
03-08-2001,12.36,12.52,12.03,12.52,0
03-09-2001,12.45,12.45,12.01,12.27,0
03-12-2001,12.06,12.10,11.33,11.36,0
03-13-2001,11.66,11.96,11.31,11.93,0
03-14-2001,11.47,11.55,10.80,10.95,0
03-15-2001,11.07,11.74,10.96,11.68,0
03-16-2001,11.32,11.56,11.22,11.35,0
03-19-2001,11.26,11.51,11.01,11.40,0
03-20-2001,11.23,11.34,10.87,10.90,0
03-21-2001,10.87,10.96,10.35,10.39,0
03-22-2001,10.35,10.41,9.41,9.91,0
03-23-2001,9.81,10.52,9.74,10.46,0
03-26-2001,10.65,10.93,10.60,10.72,0
03-27-2001,10.85,11.58,10.61,11.53,0
03-28-2001,11.39,11.52,11.14,11.45,0
03-29-2001,11.19,11.34,11.11,11.20,0
03-30-2001,11.44,11.77,11.33,11.77,0
04-02-2001,11.77,11.99,11.64,11.83,0
04-03-2001,11.94,11.94,11.35,11.58,0
04-04-2001,11.41,11.50,10.26,10.59,0
04-05-2001,10.81,11.14,10.78,11.14,0
04-06-2001,11.04,11.22,10.23,10.67,0
04-09-2001,10.88,10.88,10.30,10.52,0
04-10-2001,10.72,11.12,10.68,10.97,0
04-11-2001,11.27,11.27,10.85,10.85,0
04-12-2001,10.93,11.33,10.75,11.12,0
04-16-2001,11.36,11.48,10.71,10.94,0
04-17-2001,10.82,10.82,10.21,10.41,0
04-18-2001,10.45,11.50,10.29,11.09,0
04-19-2001,10.96,11.26,10.93,11.17,0
04-20-2001,11.18,11.24,10.88,11.17,0
04-23-2001,11.24,11.24,10.91,11.11,0
04-24-2001,11.11,11.27,10.87,11.13,0
04-25-2001,11.07,11.10,10.82,10.94,0
04-26-2001,10.93,11.01,10.58,10.63,0
04-27-2001,10.89,11.21,10.83,11.20,0
04-30-2001,11.26,11.32,10.84,10.92,0
05-01-2001,10.78,10.90,10.64,10.90,0
05-02-2001,10.83,11.24,10.77,11.13,0
05-03-2001,10.98,11.13,10.85,11.08,0
05-04-2001,10.60,10.90,10.60,10.86,0
05-07-2001,11.01,11.01,10.76,10.94,0
05-08-2001,10.99,11.00,10.62,10.65,0
05-09-2001,10.64,10.76,10.47,10.55,0
05-10-2001,10.75,10.82,10.49,10.59,0
05-11-2001,10.77,10.77,10.41,10.45,0
05-14-2001,10.45,10.59,10.42,10.48,0
05-15-2001,10.41,10.46,10.21,10.27,0
05-16-2001,10.29,10.55,10.06,10.45,0
05-17-2001,10.28,10.55,10.23,10.28,0
05-18-2001,10.28,10.57,10.23,10.48,0
05-21-2001,10.51,10.62,10.43,10.61,0
05-22-2001,10.68,11.27,10.66,11.09,0
05-23-2001,11.15,11.29,11.01,11.27,0
05-24-2001,11.22,11.36,11.18,11.22,0
05-25-2001,11.31,11.31,10.90,10.91,0
05-29-2001,11.05,11.07,10.85,10.87,0
05-30-2001,10.94,11.21,10.89,10.92,0
05-31-2001,10.92,11.08,10.79,11.08,0
06-01-2001,10.75,10.94,10.62,10.89,0
06-04-2001,10.96,11.36,10.88,11.31,0
06-05-2001,11.51,11.57,11.32,11.52,0
06-06-2001,11.40,11.40,11.16,11.21,0
06-07-2001,10.92,11.36,10.77,11.31,0
06-08-2001,11.11,11.11,10.62,10.70,0
06-11-2001,10.63,10.78,10.45,10.47,0
06-12-2001,10.47,10.48,10.17,10.34,0
06-13-2001,10.21,10.23,9.76,9.86,0
06-14-2001,9.68,9.80,9.57,9.62,0
06-15-2001,9.30,9.57,9.30,9.45,0
06-18-2001,9.63,9.63,9.35,9.56,0
06-19-2001,9.69,10.07,9.50,9.64,0
06-20-2001,9.62,10.08,9.59,9.98,0
06-21-2001,10.04,10.65,10.01,10.61,0
06-22-2001,10.69,10.69,10.35,10.55,0
06-25-2001,10.69,10.69,10.15,10.27,0
06-26-2001,10.02,10.40,10.02,10.25,0
06-27-2001,10.24,10.61,10.23,10.41,0
06-28-2001,10.38,10.73,10.38,10.62,0
06-29-2001,10.57,10.69,10.31,10.69,0
07-02-2001,10.61,10.84,10.48,10.80,0
07-03-2001,10.97,10.97,10.77,10.92,0
07-05-2001,10.86,10.92,10.65,10.67,0
07-06-2001,10.67,10.68,10.41,10.48,0
07-09-2001,10.48,10.51,10.33,10.42,0
07-10-2001,10.45,10.50,10.16,10.25,0
07-11-2001,10.23,10.33,10.08,10.21,0
07-12-2001,10.24,10.33,10.14,10.27,0
07-13-2001,10.29,10.67,10.25,10.61,0
07-16-2001,10.70,10.87,10.43,10.46,0
07-17-2001,10.24,11.02,10.16,11.02,0
07-18-2001,10.79,10.83,10.53,10.77,0
07-19-2001,10.90,11.05,10.72,10.91,0
07-20-2001,10.51,10.63,10.34,10.46,0
07-23-2001,10.43,10.49,10.20,10.31,0
07-24-2001,10.18,10.33,10.07,10.15,0
07-25-2001,10.05,10.14,9.89,10.12,0
07-26-2001,10.18,10.21,9.94,10.13,0
07-27-2001,10.07,10.19,10.01,10.02,0
07-30-2001,10.20,10.29,10.09,10.24,0
07-31-2001,10.29,10.44,10.11,10.33,0
08-01-2001,10.44,10.55,10.32,10.51,0
08-02-2001,10.51,10.58,10.43,10.53,0
08-03-2001,10.59,10.59,10.42,10.53,0
08-06-2001,10.46,10.55,10.22,10.26,0
08-07-2001,10.13,10.22,10.10,10.12,0
08-08-2001,10.10,10.19,10.00,10.02,0
08-09-2001,9.99,10.02,9.89,10.00,0
08-10-2001,10.14,10.36,10.06,10.31,0
08-13-2001,10.29,10.56,10.29,10.51,0
08-14-2001,10.62,10.71,10.51,10.53,0
08-15-2001,10.61,10.81,10.58,10.68,0
08-16-2001,10.58,10.64,10.25,10.38,0
08-17-2001,10.39,10.44,10.22,10.30,0
08-20-2001,10.16,10.55,10.16,10.52,0
08-21-2001,10.53,10.89,10.49,10.55,0
08-22-2001,10.62,10.84,10.49,10.76,0
08-23-2001,10.76,10.79,10.67,10.71,0
08-24-2001,10.75,10.81,10.68,10.77,0
08-27-2001,10.69,10.72,10.56,10.66,0
08-28-2001,10.76,10.87,10.52,10.53,0
08-29-2001,10.68,10.75,10.19,10.33,0
08-30-2001,10.26,10.43,10.19,10.23,0
08-31-2001,10.19,10.41,10.15,10.25,0
09-04-2001,10.03,10.30,9.81,10.20,0
09-05-2001,10.00,10.16,9.97,10.05,0
09-06-2001,10.11,10.11,9.77,9.81,0
09-07-2001,9.58,9.78,9.50,9.56,0
09-10-2001,9.31,9.72,9.31,9.40,0
09-17-2001,8.34,9.31,8.33,9.14,0
09-18-2001,8.98,9.23,8.92,9.15,0
09-19-2001,9.14,9.31,8.92,9.15,0
09-20-2001,8.92,8.95,8.64,8.66,0
09-21-2001,7.81,8.87,7.81,8.47,0
09-24-2001,8.85,9.04,8.82,8.88,0
09-25-2001,8.69,9.09,8.69,9.01,0
09-26-2001,9.28,9.30,9.02,9.15,0
09-27-2001,9.35,9.45,9.18,9.26,0
09-28-2001,9.18,9.40,9.11,9.35,0
10-01-2001,9.57,9.75,9.42,9.52,0
10-02-2001,9.49,9.61,9.38,9.57,0
10-03-2001,9.45,9.61,9.36,9.50,0
10-04-2001,9.59,9.59,9.25,9.34,0
10-05-2001,9.42,9.44,8.91,8.93,0
10-08-2001,8.92,8.92,8.37,8.47,0
10-09-2001,8.44,8.73,8.43,8.48,0
10-10-2001,8.48,8.99,8.46,8.69,0
10-11-2001,8.90,8.96,8.71,8.80,0
10-12-2001,8.31,8.48,8.20,8.34,0
10-15-2001,8.30,8.42,8.14,8.24,0
10-16-2001,8.14,8.65,7.97,8.04,0
10-17-2001,8.21,8.36,7.38,7.59,0
10-18-2001,7.59,7.74,7.55,7.66,0
10-19-2001,7.61,7.97,7.49,7.64,0
10-22-2001,7.51,7.90,7.51,7.88,0
10-23-2001,7.97,8.06,7.62,7.97,0
10-24-2001,8.05,8.23,7.98,8.14,0
10-25-2001,8.14,8.52,8.01,8.52,0
10-26-2001,8.55,8.55,8.37,8.42,0
10-29-2001,8.33,8.37,8.03,8.04,0
10-30-2001,8.04,8.14,7.75,7.99,0
10-31-2001,8.17,8.17,7.82,7.87,0
11-01-2001,7.68,7.94,7.59,7.88,0
11-02-2001,7.85,7.93,7.68,7.87,0
11-05-2001,8.03,8.35,8.03,8.24,0
11-06-2001,8.26,8.70,8.21,8.67,0
11-07-2001,8.66,9.01,8.55,8.82,0
11-08-2001,8.93,9.08,8.85,8.87,0
11-09-2001,8.87,9.00,8.81,8.82,0
11-12-2001,8.75,9.08,8.66,8.97,0
11-13-2001,9.09,9.16,8.84,8.91,0
11-14-2001,9.05,9.11,8.86,8.93,0
11-15-2001,8.98,9.05,8.78,8.78,0
11-16-2001,8.94,9.09,8.88,9.02,0
11-19-2001,9.13,9.20,8.96,9.02,0
11-20-2001,8.89,8.93,8.79,8.81,0
11-21-2001,8.86,8.88,8.78,8.81,0
11-23-2001,8.78,9.01,8.78,8.97,0
11-26-2001,9.01,9.31,8.88,9.15,0
11-27-2001,9.17,9.31,9.11,9.14,0
11-28-2001,9.20,9.30,8.99,8.99,0
11-29-2001,9.02,9.19,8.97,9.17,0
11-30-2001,9.17,9.23,9.00,9.04,0
12-03-2001,9.07,9.17,8.98,9.02,0
12-04-2001,9.19,9.30,9.11,9.29,0
12-05-2001,9.17,9.46,9.17,9.34,0
12-06-2001,9.35,9.49,9.28,9.35,0
12-07-2001,9.45,9.52,9.35,9.49,0
12-10-2001,9.52,9.55,9.44,9.49,0
12-11-2001,9.55,9.55,9.39,9.43,0
12-12-2001,9.47,9.48,9.29,9.35,0
12-13-2001,9.43,9.55,9.21,9.25,0
12-14-2001,9.36,9.54,9.30,9.36,0
12-17-2001,9.36,9.45,9.26,9.35,0
12-18-2001,9.38,9.58,9.32,9.56,0
12-19-2001,9.58,9.70,9.50,9.61,0
12-20-2001,9.68,9.73,9.51,9.66,0
12-21-2001,9.66,9.70,9.46,9.46,0
12-24-2001,9.46,9.58,9.46,9.51,0
12-26-2001,9.51,9.55,9.47,9.47,0
12-27-2001,9.27,9.34,9.27,9.34,0
12-28-2001,9.45,9.51,9.39,9.51,0
12-31-2001,9.41,9.48,9.35,9.37,0
01-02-2002,9.34,9.37,9.17,9.36,0
01-03-2002,9.45,9.54,9.38,9.50,0
01-04-2002,9.50,9.58,9.36,9.48,0
01-07-2002,9.57,9.62,9.49,9.51,0
01-08-2002,9.70,9.70,9.46,9.58,0
01-09-2002,9.55,9.64,9.48,9.51,0
01-10-2002,9.53,9.60,9.50,9.54,0
01-11-2002,9.40,9.41,9.30,9.31,0
01-14-2002,9.28,9.32,9.18,9.18,0
01-15-2002,9.43,10.05,9.41,10.04,0
01-16-2002,9.97,10.27,9.84,9.95,0
01-17-2002,10.13,10.18,9.98,10.14,0
01-18-2002,10.08,10.29,10.01,10.06,0
01-22-2002,10.23,10.50,10.12,10.50,0
01-23-2002,10.64,10.75,10.53,10.73,0
01-24-2002,10.75,10.90,10.62,10.80,0
01-25-2002,10.75,10.77,10.58,10.65,0
01-28-2002,10.78,10.83,10.65,10.73,0
01-29-2002,10.72,10.76,10.10,10.17,0
01-30-2002,10.11,10.38,9.97,10.33,0
01-31-2002,10.47,10.56,10.33,10.52,0
02-01-2002,10.44,10.66,10.39,10.63,0
02-04-2002,10.48,10.54,10.24,10.28,0
02-05-2002,10.29,10.43,10.13,10.16,0
02-06-2002,10.22,10.22,9.96,10.13,0
02-07-2002,10.20,10.34,10.05,10.18,0
02-08-2002,10.18,10.36,10.11,10.31,0
02-11-2002,10.30,10.55,10.22,10.51,0
02-12-2002,10.42,10.46,10.33,10.44,0
02-13-2002,10.42,10.53,10.28,10.46,0
02-14-2002,10.41,10.51,10.28,10.37,0
02-15-2002,10.34,10.38,10.19,10.23,0
02-19-2002,10.18,10.21,9.94,10.01,0
02-20-2002,9.99,10.21,9.87,10.16,0
02-21-2002,10.16,10.26,10.04,10.13,0
02-22-2002,10.01,10.20,9.98,10.20,0
02-25-2002,10.18,10.43,10.18,10.39,0
02-26-2002,10.46,10.51,10.37,10.40,0
02-27-2002,10.44,10.54,10.41,10.47,0
02-28-2002,10.52,10.66,10.48,10.49,0
03-01-2002,10.58,10.83,10.54,10.81,0
03-04-2002,10.86,11.31,10.84,11.26,0
03-05-2002,11.25,11.32,11.05,11.08,0
03-06-2002,11.22,11.37,10.92,11.30,0
03-07-2002,11.19,11.40,11.05,11.17,0
03-08-2002,11.33,11.50,11.16,11.29,0
03-11-2002,11.17,11.45,11.09,11.31,0
03-12-2002,11.25,11.54,11.18,11.53,0
03-13-2002,11.55,11.58,11.33,11.45,0
03-14-2002,11.38,11.43,11.26,11.38,0
03-15-2002,11.51,11.80,11.47,11.73,0
03-18-2002,11.81,11.81,11.47,11.61,0
03-19-2002,11.74,11.79,11.62,11.72,0
03-20-2002,11.65,11.65,11.48,11.49,0
03-21-2002,11.53,11.55,11.30,11.45,0
03-22-2002,11.45,11.70,11.35,11.57,0
03-25-2002,11.50,11.54,11.29,11.32,0
03-26-2002,11.21,11.44,11.19,11.33,0
03-27-2002,11.28,11.44,11.19,11.36,0
03-28-2002,11.28,11.47,11.04,11.28,0
04-01-2002,11.11,11.28,11.06,11.25,0
04-02-2002,11.12,11.20,11.02,11.15,0
04-03-2002,11.11,11.16,10.84,10.90,0
04-04-2002,11.29,11.35,11.20,11.25,0
04-05-2002,11.28,11.35,11.21,11.30,0
04-08-2002,11.24,11.48,11.14,11.36,0
04-09-2002,11.59,11.59,11.39,11.48,0
04-10-2002,11.48,11.54,11.41,11.52,0
04-11-2002,11.52,11.56,11.34,11.34,0
04-12-2002,11.48,11.65,11.38,11.65,0
04-15-2002,11.65,11.71,11.48,11.51,0
04-16-2002,11.76,11.98,11.74,11.76,0
04-17-2002,11.81,12.14,11.69,12.10,0
04-18-2002,12.12,12.21,11.83,12.12,0
04-19-2002,12.24,12.33,12.03,12.07,0
04-22-2002,12.00,12.06,11.64,11.70,0
04-23-2002,11.71,11.85,11.48,11.56,0
04-24-2002,11.60,11.87,11.57,11.75,0
04-25-2002,11.56,11.96,11.53,11.86,0
04-26-2002,11.76,12.00,11.66,11.83,0
04-29-2002,11.90,12.02,11.69,11.75,0
04-30-2002,11.90,12.14,11.71,12.02,0
05-01-2002,12.09,12.09,11.79,11.97,0
05-02-2002,12.02,12.37,12.02,12.36,0
05-03-2002,12.36,12.37,12.17,12.27,0
05-06-2002,12.26,12.44,11.87,11.95,0
05-07-2002,12.12,12.33,11.97,12.04,0
05-08-2002,12.38,12.42,12.28,12.31,0
05-09-2002,12.10,12.23,11.92,12.00,0
05-10-2002,12.08,12.08,11.70,11.75,0
05-13-2002,11.78,12.08,11.73,12.06,0
05-14-2002,12.33,12.49,12.14,12.48,0
05-15-2002,12.47,12.63,12.44,12.50,0
05-16-2002,12.49,12.64,12.28,12.58,0
05-17-2002,12.66,12.74,12.57,12.62,0
05-20-2002,12.66,12.66,12.42,12.43,0
05-21-2002,12.59,12.80,12.53,12.56,0
05-22-2002,12.45,12.49,12.24,12.38,0
05-23-2002,12.52,12.74,12.35,12.73,0
05-24-2002,12.68,12.75,12.50,12.56,0
05-28-2002,12.74,12.74,12.31,12.52,0
05-29-2002,12.52,12.65,12.38,12.43,0
05-30-2002,12.17,12.31,12.07,12.26,0
05-31-2002,12.19,12.41,12.10,12.28,0
06-03-2002,12.18,12.31,11.67,11.86,0
06-04-2002,11.66,11.86,11.65,11.82,0
06-05-2002,12.05,12.14,11.86,11.98,0
06-06-2002,12.05,12.06,11.56,11.56,0
06-07-2002,11.36,11.59,11.26,11.46,0
06-10-2002,11.38,11.57,11.36,11.48,0
06-11-2002,11.57,11.63,11.30,11.30,0
06-12-2002,11.30,11.48,11.16,11.41,0
06-13-2002,11.34,11.39,11.06,11.06,0
06-14-2002,11.16,11.53,11.04,11.41,0
06-17-2002,11.56,12.00,11.53,12.00,0
06-18-2002,11.79,12.08,11.79,12.05,0
06-19-2002,11.96,12.06,11.82,11.89,0
06-20-2002,11.93,12.10,11.86,11.89,0
06-21-2002,11.71,12.00,11.70,11.83,0
06-24-2002,11.88,11.92,11.38,11.56,0
06-25-2002,11.58,11.77,11.49,11.55,0
06-26-2002,11.36,11.46,11.01,11.33,0
06-27-2002,11.39,11.53,11.25,11.53,0
06-28-2002,11.48,11.72,11.36,11.50,0
07-01-2002,11.41,11.49,11.20,11.21,0
07-02-2002,11.30,11.38,11.08,11.32,0
07-03-2002,11.26,11.30,10.86,11.13,0
07-05-2002,11.30,11.59,11.20,11.59,0
07-08-2002,11.78,11.92,11.67,11.92,0
07-09-2002,11.81,12.01,11.50,11.51,0
07-10-2002,11.52,11.61,11.05,11.10,0
07-11-2002,10.96,11.05,10.59,10.94,0
07-12-2002,10.99,11.01,10.56,10.68,0
07-15-2002,10.42,10.54,10.00,10.35,0
07-16-2002,10.35,10.61,10.13,10.37,0
07-17-2002,10.54,10.99,10.43,10.57,0
07-18-2002,10.47,10.65,10.16,10.19,0
07-19-2002,9.52,9.87,9.50,9.62,0
07-22-2002,9.57,9.86,9.22,9.54,0
07-23-2002,9.88,10.01,9.09,9.26,0
07-24-2002,8.90,10.37,8.87,10.24,0
07-25-2002,10.00,10.67,9.89,10.51,0
07-26-2002,10.67,10.97,10.37,10.95,0
07-29-2002,11.26,11.57,11.11,11.56,0
07-30-2002,11.41,11.58,11.06,11.51,0
07-31-2002,11.56,11.96,11.48,11.95,0
08-01-2002,11.96,12.03,11.52,11.56,0
08-02-2002,11.56,11.68,11.26,11.41,0
08-05-2002,11.34,11.34,10.87,10.96,0
08-06-2002,10.95,11.46,10.89,11.16,0
08-07-2002,11.25,11.57,11.07,11.53,0
08-08-2002,11.48,11.99,11.46,11.97,0
08-09-2002,12.08,12.36,11.95,12.31,0
08-12-2002,11.89,12.21,11.84,12.11,0
08-13-2002,11.75,12.17,11.60,11.63,0
08-14-2002,11.56,12.03,11.40,12.02,0
08-15-2002,12.16,12.29,11.96,12.11,0
08-16-2002,11.88,12.17,11.79,12.02,0
08-19-2002,11.98,12.40,11.91,12.36,0
08-20-2002,12.06,12.18,11.82,11.95,0
08-21-2002,12.10,12.13,11.74,11.91,0
08-22-2002,11.97,12.20,11.86,12.11,0
08-23-2002,12.11,12.16,11.88,12.03,0
08-26-2002,12.16,12.43,11.99,12.35,0
08-27-2002,12.50,12.54,12.34,12.48,0
08-28-2002,12.41,12.47,12.13,12.26,0
08-29-2002,12.10,12.25,12.00,12.12,0
08-30-2002,12.05,12.52,11.99,12.24,0
09-03-2002,12.14,12.14,11.77,11.89,0
09-04-2002,12.06,12.15,11.80,11.99,0
09-05-2002,11.72,11.93,11.51,11.88,0
09-06-2002,12.05,12.22,11.97,12.10,0
09-09-2002,11.96,12.22,11.84,12.16,0
09-10-2002,12.07,12.10,11.81,12.01,0
09-11-2002,12.31,13.27,11.79,11.86,0
09-12-2002,11.77,11.78,11.25,11.31,0
09-13-2002,11.05,11.46,11.02,11.22,0
09-16-2002,11.50,11.50,10.99,11.14,0
09-17-2002,11.32,11.33,10.61,10.76,0
09-18-2002,10.49,10.61,10.40,10.48,0
09-19-2002,10.16,10.37,9.95,9.96,0
09-20-2002,9.99,10.31,9.99,10.29,0
09-23-2002,10.16,11.02,10.03,10.87,0
09-24-2002,10.71,11.15,10.58,10.68,0
09-25-2002,10.99,11.13,10.62,10.94,0
09-26-2002,11.06,11.15,10.88,11.09,0
09-27-2002,11.19,11.42,10.88,11.01,0
09-30-2002,10.97,11.07,10.48,10.87,0
10-01-2002,10.87,11.09,10.55,11.06,0
10-02-2002,10.89,10.99,10.56,10.71,0
10-03-2002,10.78,10.83,10.02,10.21,0
10-04-2002,10.21,10.29,9.66,9.75,0
10-07-2002,9.53,9.94,9.24,9.32,0
10-08-2002,9.49,10.18,9.48,9.93,0
10-09-2002,9.55,9.93,9.49,9.62,0
10-10-2002,9.66,10.11,9.53,9.87,0
10-11-2002,10.06,10.61,9.98,10.38,0
10-14-2002,10.26,10.66,10.23,10.51,0
10-15-2002,11.48,11.48,11.13,11.40,0
10-16-2002,11.34,11.48,11.08,11.31,0
10-17-2002,11.68,11.69,11.26,11.32,0
10-18-2002,11.32,11.65,11.22,11.57,0
10-21-2002,11.50,11.80,11.26,11.63,0
10-22-2002,11.61,11.72,11.44,11.61,0
10-23-2002,11.58,11.65,11.20,11.65,0
10-24-2002,11.72,11.83,11.34,11.48,0
10-25-2002,11.38,11.75,11.31,11.73,0
10-28-2002,11.98,12.00,11.46,11.59,0
10-29-2002,11.56,11.56,11.22,11.46,0
10-30-2002,11.58,11.85,11.54,11.63,0
10-31-2002,11.75,11.91,11.44,11.57,0
11-01-2002,11.34,11.65,11.26,11.61,0
11-04-2002,11.80,11.80,11.35,11.38,0
11-05-2002,11.38,11.40,11.09,11.34,0
11-06-2002,11.24,11.28,10.64,10.88,0
11-07-2002,10.58,10.65,10.22,10.37,0
11-08-2002,10.30,10.42,9.50,9.76,0
11-11-2002,9.84,10.09,9.80,9.94,0
11-12-2002,9.94,10.43,9.94,10.08,0
11-13-2002,10.02,10.34,9.76,10.04,0
11-14-2002,10.22,10.43,10.09,10.33,0
11-15-2002,10.33,10.57,10.09,10.51,0
11-18-2002,10.48,10.63,10.16,10.24,0
11-19-2002,9.93,10.02,9.74,9.78,0
11-20-2002,9.81,10.19,9.80,10.02,0
11-21-2002,10.15,10.42,10.15,10.29,0
11-22-2002,10.30,10.51,10.23,10.26,0
11-25-2002,10.26,10.52,10.01,10.12,0
11-26-2002,10.13,10.13,9.59,9.60,0
11-27-2002,9.84,10.15,9.74,10.06,0
11-29-2002,10.08,10.09,9.77,9.81,0
12-02-2002,10.15,10.22,9.78,9.89,0
12-03-2002,9.88,9.94,9.70,9.77,0
12-04-2002,9.88,10.31,9.85,10.14,0
12-05-2002,10.28,10.30,9.96,9.97,0
12-06-2002,9.93,10.31,9.86,10.13,0
12-09-2002,10.06,10.21,9.98,10.03,0
12-10-2002,10.03,10.40,10.03,10.37,0
12-11-2002,10.38,10.46,10.19,10.33,0
12-12-2002,10.36,10.38,10.19,10.24,0
12-13-2002,10.14,10.24,9.96,10.01,0
12-16-2002,9.98,10.37,9.98,10.36,0
12-17-2002,10.40,10.49,10.27,10.27,0
12-18-2002,10.17,10.24,9.95,10.04,0
12-19-2002,9.82,10.14,9.79,9.93,0
12-20-2002,10.10,10.27,10.04,10.25,0
12-23-2002,10.12,10.29,10.06,10.18,0
12-24-2002,10.10,10.22,10.07,10.16,0
12-26-2002,10.32,10.52,10.13,10.21,0
12-27-2002,10.13,10.24,10.01,10.02,0
12-30-2002,10.08,10.33,9.97,10.22,0
12-31-2002,10.27,10.27,9.92,10.11,0
01-02-2003,10.35,10.89,10.31,10.84,0
01-03-2003,10.56,10.76,10.50,10.50,0
01-06-2003,10.26,10.72,10.26,10.62,0
01-07-2003,10.66,10.75,10.51,10.55,0
01-08-2003,10.50,10.57,10.23,10.31,0
01-09-2003,10.19,10.38,10.13,10.26,0
01-10-2003,10.26,10.38,10.08,10.18,0
01-13-2003,10.33,10.40,10.16,10.28,0
01-14-2003,10.23,10.36,10.12,10.34,0
01-15-2003,10.41,10.43,10.04,10.08,0
01-16-2003,10.11,10.17,9.80,9.83,0
01-17-2003,9.83,9.93,9.80,9.93,0
01-21-2003,9.95,10.16,9.88,9.92,0
01-22-2003,9.92,10.05,9.86,9.89,0
01-23-2003,9.98,10.29,9.98,10.20,0
01-24-2003,10.27,10.27,9.97,10.03,0
01-27-2003,9.79,10.05,9.74,9.79,0
01-28-2003,9.84,9.90,9.63,9.74,0
01-29-2003,9.74,9.98,9.49,9.83,0
01-30-2003,9.90,10.02,9.63,9.72,0
01-31-2003,9.60,10.09,9.60,10.04,0
02-03-2003,10.04,10.26,10.00,10.17,0
02-04-2003,10.15,10.15,9.76,9.89,0
02-05-2003,10.05,10.14,9.33,9.50,0
02-06-2003,9.61,9.80,9.48,9.69,0
02-07-2003,9.82,9.86,9.54,9.58,0
02-10-2003,9.56,9.73,9.52,9.71,0
02-11-2003,9.58,9.81,9.37,9.50,0
02-12-2003,9.52,9.66,9.37,9.43,0
02-13-2003,9.47,9.66,9.28,9.56,0
02-14-2003,9.63,9.89,9.46,9.89,0
02-18-2003,9.93,10.08,9.84,9.99,0
02-19-2003,10.10,10.10,9.87,9.99,0
02-20-2003,9.95,10.00,9.76,9.83,0
02-21-2003,10.03,10.22,9.82,10.02,0
02-24-2003,9.93,10.00,9.63,9.68,0
02-25-2003,9.56,9.82,9.36,9.80,0
02-26-2003,9.77,9.80,9.51,9.62,0
02-27-2003,9.63,9.94,9.54,9.72,0
02-28-2003,9.76,9.90,9.62,9.68,0
03-03-2003,9.79,9.93,9.55,9.61,0
03-04-2003,9.66,9.68,9.49,9.49,0
03-05-2003,9.24,9.55,9.23,9.52,0
03-06-2003,9.32,9.49,9.21,9.24,0
03-07-2003,9.23,9.50,9.03,9.41,0
03-10-2003,9.24,9.34,8.92,8.96,0
03-11-2003,9.03,9.24,8.93,8.99,0
03-12-2003,9.00,9.15,8.68,8.99,0
03-13-2003,9.31,9.58,9.19,9.55,0
03-14-2003,9.59,9.66,9.41,9.55,0
03-17-2003,9.62,10.01,9.48,10.01,0
03-18-2003,9.99,10.04,9.69,9.88,0
03-19-2003,9.88,10.08,9.80,10.02,0
03-20-2003,10.02,10.06,9.64,9.94,0
03-21-2003,9.95,10.11,9.79,10.09,0
03-24-2003,9.96,10.00,9.62,9.66,0
03-25-2003,9.64,9.96,9.58,9.87,0
03-26-2003,10.00,10.02,9.69,9.75,0
03-27-2003,9.68,9.70,9.44,9.56,0
03-28-2003,9.49,9.56,9.36,9.53,0
03-31-2003,9.20,9.38,9.20,9.25,0
04-01-2003,9.41,9.85,9.36,9.82,0
04-02-2003,10.13,10.33,10.06,10.25,0
04-03-2003,10.22,10.22,9.94,9.99,0
04-04-2003,10.10,10.19,10.01,10.13,0
04-07-2003,10.43,10.49,10.04,10.04,0
04-08-2003,10.00,10.31,9.93,10.22,0
04-09-2003,10.00,10.20,9.91,9.92,0
04-10-2003,9.92,10.13,9.92,10.10,0
04-11-2003,10.00,10.09,9.68,9.73,0
04-14-2003,9.92,9.99,9.75,9.99,0
04-15-2003,9.97,10.33,9.97,10.30,0
04-16-2003,10.44,10.45,10.07,10.15,0
04-17-2003,10.14,10.34,10.06,10.34,0
04-21-2003,10.38,10.45,10.06,10.12,0
04-22-2003,10.22,10.64,10.14,10.57,0
04-23-2003,10.54,10.71,10.50,10.69,0
04-24-2003,10.69,10.69,10.30,10.48,0
04-25-2003,10.54,10.61,10.29,10.42,0
04-28-2003,10.41,10.68,10.41,10.57,0
04-29-2003,10.64,10.71,10.40,10.64,0
04-30-2003,10.57,10.83,10.45,10.68,0
05-01-2003,10.79,10.94,10.49,10.83,0
05-02-2003,10.80,11.05,10.75,11.01,0
05-05-2003,11.10,11.10,10.72,10.76,0
05-06-2003,11.32,11.39,11.20,11.36,0
05-07-2003,11.58,11.67,11.34,11.42,0
05-08-2003,11.12,11.28,11.01,11.04,0
05-09-2003,10.98,11.06,10.80,11.01,0
05-12-2003,11.02,11.22,10.91,11.19,0
05-13-2003,11.07,11.14,11.00,11.04,0
05-14-2003,11.07,11.08,10.81,10.92,0
05-15-2003,10.89,11.00,10.82,10.91,0
05-16-2003,10.77,10.96,10.70,10.86,0
05-19-2003,10.83,10.83,10.52,10.54,0
05-20-2003,10.48,10.62,10.34,10.47,0
05-21-2003,10.43,10.57,10.35,10.39,0
05-22-2003,10.40,10.54,10.25,10.27,0
05-23-2003,10.32,10.41,10.28,10.34,0
05-27-2003,10.27,10.67,10.18,10.67,0
05-28-2003,10.70,10.77,10.48,10.53,0
05-29-2003,10.61,10.74,10.48,10.58,0
05-30-2003,10.90,11.16,10.87,11.12,0
06-02-2003,10.98,11.30,10.98,11.11,0
06-03-2003,11.01,11.12,10.94,11.10,0
06-04-2003,11.07,11.53,11.07,11.47,0
06-05-2003,11.63,11.79,11.38,11.76,0
06-06-2003,11.76,11.85,11.55,11.55,0
06-09-2003,11.53,11.54,11.38,11.47,0
06-10-2003,11.50,11.69,11.34,11.69,0
06-11-2003,11.78,11.99,11.60,11.99,0
06-12-2003,12.03,12.06,11.76,11.95,0
06-13-2003,12.03,12.09,11.76,11.76,0
06-16-2003,12.02,12.19,11.96,12.17,0
06-17-2003,12.48,12.48,12.06,12.13,0
06-18-2003,12.23,12.29,12.12,12.29,0
06-19-2003,12.32,12.32,11.99,12.00,0
06-20-2003,12.04,12.22,11.92,11.97,0
06-23-2003,11.87,11.96,11.74,11.78,0
06-24-2003,11.81,11.98,11.76,11.88,0
06-25-2003,11.81,11.95,11.69,11.71,0
06-26-2003,11.72,12.04,11.69,12.03,0
06-27-2003,12.01,12.08,11.74,11.84,0
06-30-2003,11.88,11.97,11.60,11.61,0
07-01-2003,11.56,11.71,11.37,11.67,0
07-02-2003,11.73,11.77,11.66,11.76,0
07-03-2003,11.76,11.84,11.61,11.66,0
07-07-2003,11.81,11.89,11.71,11.76,0
07-08-2003,11.48,11.57,11.36,11.52,0
07-09-2003,11.52,11.63,11.39,11.53,0
07-10-2003,11.50,11.70,11.12,11.55,0
07-11-2003,11.69,11.90,11.64,11.87,0
07-14-2003,12.25,12.53,12.19,12.29,0
07-15-2003,11.23,12.15,11.23,11.90,0
07-16-2003,11.93,12.01,11.78,11.93,0
07-17-2003,11.86,11.93,11.59,11.67,0
07-18-2003,11.70,11.82,11.57,11.79,0
07-21-2003,11.70,11.70,11.47,11.66,0
07-22-2003,11.65,11.97,11.62,11.89,0
07-23-2003,11.93,11.93,11.73,11.89,0
07-24-2003,12.08,12.08,11.70,11.71,0
07-25-2003,11.78,12.04,11.70,11.99,0
07-28-2003,12.00,12.00,11.82,11.86,0
07-29-2003,11.87,11.92,11.71,11.82,0
07-30-2003,11.90,11.99,11.71,11.73,0
07-31-2003,11.89,11.93,11.39,11.45,0
08-01-2003,11.45,11.45,11.09,11.30,0
08-04-2003,11.31,11.47,11.10,11.41,0
08-05-2003,11.23,11.42,11.16,11.18,0
08-06-2003,11.09,11.40,11.06,11.25,0
08-07-2003,11.23,11.29,11.09,11.25,0
08-08-2003,11.33,11.44,11.31,11.41,0
08-11-2003,11.35,11.37,11.12,11.28,0
08-12-2003,11.52,11.52,11.32,11.49,0
08-13-2003,11.45,11.46,11.24,11.29,0
08-14-2003,11.40,11.54,11.24,11.50,0
08-15-2003,11.50,11.51,11.37,11.51,0
08-18-2003,11.49,11.49,11.32,11.39,0
08-19-2003,11.34,11.50,11.27,11.40,0
08-20-2003,11.28,11.40,11.19,11.24,0
08-21-2003,11.30,11.35,11.09,11.18,0
08-22-2003,11.19,11.20,10.99,10.99,0
08-25-2003,10.95,11.16,10.87,11.15,0
08-26-2003,11.01,11.16,10.89,11.13,0
08-27-2003,11.14,11.19,11.08,11.16,0
08-28-2003,11.24,11.36,11.09,11.36,0
08-29-2003,11.40,11.42,11.23,11.42,0
09-02-2003,11.78,11.85,11.45,11.80,0
09-03-2003,11.65,11.78,11.53,11.77,0
09-04-2003,11.77,11.78,11.55,11.57,0
09-05-2003,11.55,11.66,11.41,11.45,0
09-08-2003,11.57,11.72,11.49,11.69,0
09-09-2003,11.68,11.71,11.54,11.64,0
09-10-2003,11.74,11.74,11.35,11.40,0
09-11-2003,11.46,11.54,11.31,11.31,0
09-12-2003,11.38,11.60,11.34,11.55,0
09-15-2003,11.42,11.47,11.35,11.40,0
09-16-2003,11.40,11.59,11.40,11.54,0
09-17-2003,11.54,11.63,11.52,11.60,0
09-18-2003,11.73,12.06,11.72,12.02,0
09-19-2003,12.07,12.07,11.91,12.06,0
09-22-2003,12.06,12.06,11.62,11.86,0
09-23-2003,11.86,11.92,11.75,11.83,0
09-24-2003,11.88,11.90,11.67,11.73,0
09-25-2003,11.68,11.84,11.66,11.75,0
09-26-2003,11.87,12.06,11.87,12.03,0
09-29-2003,12.01,12.13,11.90,12.12,0
09-30-2003,12.04,12.08,11.83,11.97,0
10-01-2003,12.07,12.51,12.07,12.50,0
10-02-2003,12.43,12.58,12.40,12.55,0
10-03-2003,12.64,12.79,12.53,12.58,0
10-06-2003,12.60,12.73,12.49,12.65,0
10-07-2003,12.60,12.93,12.55,12.91,0
10-08-2003,12.86,12.93,12.71,12.89,0
10-09-2003,12.89,13.02,12.83,12.92,0
10-10-2003,12.89,13.05,12.88,13.01,0
10-13-2003,13.08,13.24,13.03,13.19,0
10-14-2003,13.24,13.57,13.17,13.30,0
10-15-2003,13.34,13.34,13.17,13.25,0
10-16-2003,13.23,13.30,12.90,13.26,0
10-17-2003,13.26,13.27,13.16,13.24,0
10-20-2003,13.10,13.23,13.03,13.23,0
10-21-2003,13.10,13.38,12.87,13.28,0
10-22-2003,13.12,13.19,12.99,13.04,0
10-23-2003,13.04,13.22,12.93,13.21,0
10-24-2003,13.13,13.16,12.91,13.16,0
10-27-2003,13.23,13.30,12.82,12.97,0
10-28-2003,12.68,13.15,12.68,13.14,0
10-29-2003,13.14,13.15,12.96,13.13,0
10-30-2003,13.15,13.30,13.03,13.30,0
10-31-2003,13.28,13.77,13.24,13.64,0
11-03-2003,13.62,13.84,13.62,13.81,0
11-04-2003,13.76,13.76,13.33,13.44,0
11-05-2003,13.40,13.46,13.22,13.41,0
11-06-2003,13.36,13.44,13.01,13.38,0
11-07-2003,13.38,13.46,13.03,13.28,0
11-10-2003,13.20,13.33,13.13,13.28,0
11-11-2003,13.28,13.53,13.28,13.43,0
11-12-2003,13.54,13.85,13.42,13.77,0
11-13-2003,13.75,13.97,13.59,13.90,0
11-14-2003,13.90,13.90,13.61,13.68,0
11-17-2003,13.50,13.65,13.46,13.65,0
11-18-2003,13.67,13.69,13.44,13.48,0
11-19-2003,13.31,13.64,13.30,13.60,0
11-20-2003,13.51,13.81,13.45,13.55,0
11-21-2003,13.70,13.71,13.53,13.62,0
11-24-2003,13.77,13.80,13.59,13.67,0
11-25-2003,13.71,13.94,13.58,13.82,0
11-26-2003,13.93,13.98,13.79,13.93,0
11-28-2003,13.91,14.00,13.91,13.94,0
12-01-2003,14.13,14.16,13.96,14.12,0
12-02-2003,14.10,14.10,13.85,13.90,0
12-03-2003,13.85,13.93,13.70,13.74,0
12-04-2003,13.81,13.88,13.65,13.82,0
12-05-2003,13.75,13.83,13.64,13.74,0
12-08-2003,13.71,13.95,13.70,13.89,0
12-09-2003,13.80,13.81,13.56,13.61,0
12-10-2003,13.74,13.79,13.48,13.73,0
12-11-2003,13.70,14.03,13.70,13.90,0
12-12-2003,13.93,13.98,13.87,13.95,0
12-15-2003,14.00,14.00,13.58,13.59,0
12-16-2003,13.58,13.94,13.58,13.93,0
12-17-2003,13.89,13.98,13.77,13.95,0
12-18-2003,13.98,14.13,13.90,14.12,0
12-19-2003,14.23,14.32,14.15,14.29,0
12-22-2003,14.36,14.39,14.22,14.33,0
12-23-2003,14.24,14.38,14.22,14.37,0
12-24-2003,14.37,14.42,14.31,14.34,0
12-26-2003,14.37,14.48,14.35,14.40,0
12-29-2003,14.37,14.55,14.36,14.54,0
12-30-2003,14.48,14.58,14.42,14.56,0
12-31-2003,14.51,14.60,14.33,14.50,0
01-02-2004,14.37,14.51,14.18,14.26,0
01-05-2004,14.39,14.47,14.21,14.39,0
01-06-2004,14.35,14.45,14.33,14.39,0
01-07-2004,14.11,14.19,14.01,14.07,0
01-08-2004,14.05,14.11,13.86,14.04,0
01-09-2004,13.93,14.28,13.93,13.94,0
01-12-2004,13.98,13.98,13.75,13.83,0
01-13-2004,13.76,13.78,13.48,13.59,0
01-14-2004,13.67,13.69,13.51,13.61,0
01-15-2004,13.64,13.80,13.44,13.63,0
01-16-2004,13.64,13.90,13.62,13.88,0
01-20-2004,13.85,14.05,13.72,13.93,0
01-21-2004,13.82,14.12,13.81,14.10,0
01-22-2004,14.12,14.18,13.87,13.91,0
01-23-2004,13.92,14.04,13.71,13.77,0
01-26-2004,13.69,14.13,13.69,14.13,0
01-27-2004,14.10,14.23,13.85,13.88,0
01-28-2004,13.95,14.31,13.79,13.83,0
01-29-2004,13.91,14.15,13.82,14.12,0
01-30-2004,14.07,14.11,13.90,13.92,0
02-02-2004,14.03,14.12,13.82,14.00,0
02-03-2004,14.08,14.25,13.98,14.16,0
02-04-2004,13.92,13.99,13.80,13.86,0
02-05-2004,13.90,13.93,13.73,13.86,0
02-06-2004,14.02,14.21,14.02,14.21,0
02-09-2004,14.09,14.17,14.03,14.12,0
02-10-2004,14.11,14.18,14.01,14.11,0
02-11-2004,14.03,14.35,13.87,14.29,0
02-12-2004,14.17,14.22,13.71,13.92,0
02-13-2004,14.02,14.14,13.86,13.97,0
02-17-2004,14.06,14.14,13.95,13.98,0
02-18-2004,13.98,14.05,13.82,13.82,0
02-19-2004,13.78,14.09,13.68,13.94,0
02-20-2004,13.95,13.98,13.70,13.70,0
02-23-2004,13.83,13.86,13.68,13.69,0
02-24-2004,13.64,13.70,13.55,13.64,0
02-25-2004,13.61,13.85,13.61,13.82,0
02-26-2004,13.81,13.89,13.77,13.82,0
02-27-2004,13.52,13.99,13.52,13.86,0
03-01-2004,14.04,14.06,13.95,13.99,0
03-02-2004,14.02,14.10,13.88,13.88,0
03-03-2004,13.85,14.01,13.83,14.00,0
03-04-2004,14.12,14.29,14.11,14.23,0
03-05-2004,14.17,14.47,14.10,14.26,0
03-08-2004,14.25,14.44,14.25,14.34,0
03-09-2004,14.25,14.30,14.18,14.28,0
03-10-2004,14.25,14.40,14.21,14.25,0
03-11-2004,14.23,14.51,14.05,14.06,0
03-12-2004,14.12,14.27,14.04,14.13,0
03-15-2004,13.92,14.11,13.88,13.91,0
03-16-2004,14.01,14.09,13.87,14.03,0
03-17-2004,14.14,14.31,14.13,14.19,0
03-18-2004,14.17,14.34,14.06,14.16,0
03-19-2004,14.26,14.32,13.99,13.99,0
03-22-2004,14.00,14.00,13.63,13.73,0
03-23-2004,13.70,13.78,13.56,13.57,0
03-24-2004,13.61,13.63,13.46,13.55,0
03-25-2004,13.66,13.85,13.59,13.80,0
03-26-2004,13.71,13.75,13.62,13.65,0
03-29-2004,13.35,13.41,13.26,13.34,0
03-30-2004,13.66,13.66,13.49,13.53,0
03-31-2004,13.43,13.47,13.31,13.40,0
04-01-2004,13.42,13.68,13.42,13.61,0
04-02-2004,13.85,13.85,13.47,13.56,0
04-05-2004,13.58,13.62,13.50,13.61,0
04-06-2004,13.67,13.87,13.63,13.87,0
04-07-2004,13.82,13.88,13.71,13.72,0
04-08-2004,13.79,13.80,13.69,13.76,0
04-12-2004,13.87,14.01,13.74,13.82,0
04-13-2004,13.77,13.77,13.24,13.33,0
04-14-2004,13.20,13.45,13.01,13.18,0
04-15-2004,13.17,13.22,12.92,13.04,0
04-16-2004,13.06,13.52,13.05,13.44,0
04-19-2004,13.47,13.56,13.42,13.52,0
04-20-2004,13.56,13.81,13.36,13.36,0
04-21-2004,13.35,13.67,13.33,13.66,0
04-22-2004,13.57,13.84,13.53,13.76,0
04-23-2004,13.75,13.76,13.49,13.63,0
04-26-2004,13.64,13.75,13.49,13.56,0
04-27-2004,13.68,13.94,13.64,13.80,0
04-28-2004,13.72,13.72,13.52,13.52,0
04-29-2004,13.58,13.86,13.47,13.57,0
04-30-2004,13.63,13.75,13.56,13.58,0
05-03-2004,13.67,13.83,13.59,13.82,0
05-04-2004,13.80,14.05,13.72,13.89,0
05-05-2004,13.74,13.83,13.63,13.74,0
05-06-2004,13.63,13.72,13.52,13.58,0
05-07-2004,13.56,13.58,13.10,13.24,0
05-10-2004,13.17,13.29,13.01,13.18,0
05-11-2004,13.13,13.28,13.06,13.24,0
05-12-2004,13.29,13.66,13.13,13.59,0
05-13-2004,13.33,13.63,13.32,13.49,0
05-14-2004,13.50,13.91,13.50,13.81,0
05-17-2004,13.57,13.90,13.55,13.78,0
05-18-2004,13.67,13.94,13.62,13.93,0
05-19-2004,14.11,14.41,13.98,14.02,0
05-20-2004,14.02,14.17,13.99,14.13,0
05-21-2004,14.20,14.32,14.02,14.14,0
05-24-2004,14.27,14.34,14.15,14.24,0
05-25-2004,14.24,14.41,14.16,14.39,0
05-26-2004,14.34,14.52,14.23,14.47,0
05-27-2004,14.70,14.76,14.38,14.52,0
05-28-2004,14.50,14.55,14.31,14.43,0
06-01-2004,14.44,14.45,14.26,14.37,0
06-02-2004,14.44,14.46,14.19,14.34,0
06-03-2004,14.31,14.31,14.15,14.23,0
06-04-2004,14.27,14.33,14.14,14.19,0
06-07-2004,14.26,14.38,14.24,14.34,0
06-08-2004,14.30,14.38,14.19,14.27,0
06-09-2004,14.27,14.28,13.98,13.98,0
06-10-2004,14.14,14.21,14.07,14.20,0
06-14-2004,14.23,14.23,14.01,14.07,0
06-15-2004,14.16,14.22,13.99,14.04,0
06-16-2004,14.04,14.12,13.98,14.02,0
06-17-2004,14.03,14.28,13.99,14.16,0
06-18-2004,14.18,14.33,14.11,14.20,0
06-21-2004,14.25,14.37,14.16,14.25,0
06-22-2004,14.33,14.45,14.29,14.41,0
06-23-2004,14.37,14.53,14.32,14.50,0
06-24-2004,14.36,14.45,14.32,14.33,0
06-25-2004,14.09,14.16,13.78,13.78,0
06-28-2004,13.87,14.04,13.76,13.86,0
06-29-2004,13.60,13.78,13.53,13.72,0
06-30-2004,13.93,13.96,13.67,13.82,0
07-01-2004,13.66,13.74,13.42,13.45,0
07-02-2004,13.60,13.97,13.58,13.78,0
07-06-2004,13.69,13.75,13.65,13.67,0
07-07-2004,13.67,13.90,13.66,13.78,0
07-08-2004,13.65,13.84,13.58,13.64,0
07-09-2004,13.68,13.73,13.52,13.67,0
07-12-2004,13.65,13.99,13.65,13.93,0
07-13-2004,13.71,14.01,13.71,13.90,0
07-14-2004,13.83,13.96,13.70,13.79,0
07-15-2004,13.99,14.06,13.87,13.87,0
07-16-2004,13.87,13.91,13.66,13.85,0
07-19-2004,13.91,14.14,13.85,14.04,0
07-20-2004,13.79,13.85,13.45,13.76,0
07-21-2004,13.66,13.79,13.35,13.35,0
07-22-2004,13.28,13.40,13.21,13.33,0
07-23-2004,13.37,13.38,13.21,13.25,0
07-26-2004,13.22,13.36,13.20,13.31,0
07-27-2004,13.29,13.53,13.24,13.47,0
07-28-2004,13.42,13.59,13.29,13.51,0
07-29-2004,13.58,13.64,13.48,13.57,0
07-30-2004,13.74,13.79,13.57,13.67,0
08-02-2004,13.67,13.87,13.58,13.85,0
08-03-2004,13.74,13.85,13.64,13.66,0
08-04-2004,13.49,13.60,13.38,13.59,0
08-05-2004,13.54,13.58,13.22,13.24,0
08-06-2004,13.26,13.49,13.21,13.30,0
08-09-2004,13.36,13.51,13.36,13.38,0
08-10-2004,13.48,13.64,13.42,13.60,0
08-11-2004,13.74,13.97,13.66,13.94,0
08-12-2004,13.73,13.90,13.72,13.72,0
08-13-2004,13.78,13.94,13.73,13.90,0
08-16-2004,13.86,14.02,13.79,13.94,0
08-17-2004,14.01,14.05,13.94,14.01,0
08-18-2004,13.94,14.02,13.89,13.98,0
08-19-2004,14.10,14.16,13.96,14.11,0
08-20-2004,14.08,14.14,13.99,14.09,0
08-23-2004,13.91,14.06,13.85,13.87,0
08-24-2004,14.03,14.10,13.99,14.04,0
08-25-2004,14.04,14.24,14.03,14.18,0
08-26-2004,13.99,14.21,13.96,14.08,0
08-27-2004,14.22,14.25,14.10,14.18,0
08-30-2004,14.26,14.35,14.22,14.23,0
08-31-2004,14.12,14.25,14.07,14.25,0
09-01-2004,14.33,14.42,14.18,14.35,0
09-02-2004,14.39,14.58,14.34,14.56,0
09-03-2004,14.54,14.66,14.44,14.47,0
09-07-2004,14.60,14.64,14.50,14.59,0
09-08-2004,14.51,14.54,14.27,14.30,0
09-09-2004,14.45,14.47,14.32,14.39,0
09-10-2004,14.21,14.26,14.04,14.23,0
09-13-2004,14.28,14.34,14.20,14.25,0
09-14-2004,14.32,14.38,14.17,14.17,0
09-15-2004,14.25,14.49,14.24,14.32,0
09-16-2004,14.26,14.35,14.21,14.30,0
09-17-2004,14.44,14.50,14.35,14.42,0
09-20-2004,14.32,14.38,14.14,14.23,0
09-21-2004,14.35,14.40,14.16,14.32,0
09-22-2004,14.14,14.26,14.05,14.18,0
09-23-2004,14.22,14.25,13.95,13.98,0
09-24-2004,14.03,14.33,14.03,14.25,0
09-27-2004,14.25,14.47,14.24,14.38,0
09-28-2004,14.47,14.59,14.30,14.55,0
09-29-2004,14.45,14.55,14.35,14.54,0
09-30-2004,14.70,14.77,14.54,14.72,0
10-01-2004,14.67,14.87,14.62,14.85,0
10-04-2004,14.92,15.03,14.87,14.93,0
10-05-2004,14.87,15.01,14.83,14.90,0
10-06-2004,14.84,14.98,14.83,14.98,0
10-07-2004,14.91,14.99,14.80,14.83,0
10-08-2004,14.83,14.95,14.78,14.88,0
10-11-2004,14.86,14.91,14.80,14.84,0
10-12-2004,14.77,14.86,14.73,14.85,0
10-13-2004,14.88,14.88,14.63,14.73,0
10-14-2004,14.72,14.75,14.33,14.46,0
10-15-2004,14.56,14.71,14.53,14.67,0
10-18-2004,14.66,14.83,14.60,14.71,0
10-19-2004,14.53,14.56,14.23,14.43,0
10-20-2004,14.34,14.34,14.08,14.27,0
10-21-2004,14.15,14.26,13.86,14.12,0
10-22-2004,14.15,14.22,13.89,13.89,0
10-25-2004,13.92,13.96,13.85,13.95,0
10-26-2004,13.82,14.07,13.82,14.07,0
10-27-2004,14.21,14.51,14.11,14.44,0
10-28-2004,14.40,14.70,14.31,14.65,0
10-29-2004,14.51,14.59,14.38,14.51,0
11-01-2004,14.73,14.75,14.65,14.72,0
11-02-2004,14.64,14.83,14.56,14.67,0
11-03-2004,14.68,14.78,14.59,14.78,0
11-04-2004,14.79,15.20,14.73,15.18,0
11-05-2004,15.23,15.31,15.12,15.23,0
11-08-2004,15.23,15.34,15.19,15.27,0
11-09-2004,15.35,15.36,15.18,15.25,0
11-10-2004,15.19,15.31,15.16,15.17,0
11-11-2004,15.26,15.45,15.22,15.40,0
11-12-2004,15.45,15.55,15.35,15.55,0
11-15-2004,15.50,15.56,15.40,15.54,0
11-16-2004,15.50,15.52,15.37,15.38,0
11-17-2004,15.51,15.53,15.33,15.44,0
11-18-2004,15.45,15.52,15.38,15.44,0
11-19-2004,15.35,15.42,15.00,15.05,0
11-22-2004,15.24,15.39,15.14,15.33,0
11-23-2004,15.33,15.45,15.27,15.45,0
11-24-2004,15.45,15.52,15.43,15.47,0
11-26-2004,15.49,15.60,15.47,15.52,0
11-29-2004,15.60,15.64,15.37,15.42,0
11-30-2004,15.31,15.37,15.21,15.23,0
12-01-2004,15.36,15.62,15.32,15.62,0
12-02-2004,15.62,15.64,15.49,15.54,0
12-03-2004,15.42,15.46,15.28,15.36,0
12-06-2004,15.43,15.49,15.34,15.47,0
12-07-2004,15.46,15.46,15.22,15.23,0
12-08-2004,15.48,15.60,15.39,15.54,0
12-09-2004,15.42,15.69,15.38,15.69,0
12-10-2004,16.03,16.03,15.52,15.67,0
12-13-2004,15.70,15.80,15.68,15.75,0
12-14-2004,15.72,15.74,15.60,15.61,0
12-15-2004,15.74,15.80,15.57,15.60,0
12-16-2004,15.57,15.68,15.42,15.65,0
12-17-2004,15.31,15.51,15.27,15.31,0
12-20-2004,15.47,15.48,15.33,15.38,0
12-21-2004,15.37,15.49,15.32,15.42,0
12-22-2004,15.51,15.63,15.43,15.59,0
12-23-2004,15.54,15.67,15.52,15.56,0
12-27-2004,15.70,15.77,15.59,15.59,0
12-28-2004,15.63,15.73,15.60,15.69,0
12-29-2004,15.56,15.65,15.48,15.56,0
12-30-2004,15.59,15.63,15.49,15.49,0
12-31-2004,15.37,15.44,15.33,15.33,0
01-03-2005,15.49,15.53,15.32,15.38,0
01-04-2005,15.39,15.59,15.33,15.40,0
01-05-2005,15.41,15.65,15.37,15.39,0
01-06-2005,15.42,15.49,15.31,15.47,0
01-07-2005,15.50,15.58,15.40,15.44,0
01-10-2005,15.40,15.54,15.26,15.43,0
01-11-2005,15.37,15.41,15.24,15.35,0
01-12-2005,15.34,15.37,15.07,15.10,0
01-13-2005,15.11,15.18,14.85,14.91,0
01-14-2005,14.91,14.98,14.80,14.93,0
01-18-2005,14.77,15.25,14.75,15.23,0
01-19-2005,15.11,15.14,14.95,14.97,0
01-20-2005,14.80,14.92,14.75,14.83,0
01-21-2005,14.86,14.92,14.72,14.75,0
01-24-2005,14.65,14.82,14.54,14.59,0
01-25-2005,14.56,14.75,14.56,14.69,0
01-26-2005,14.66,14.87,14.65,14.79,0
01-27-2005,14.65,14.83,14.55,14.64,0
01-28-2005,14.71,14.87,14.64,14.75,0
01-31-2005,15.04,15.16,14.99,15.13,0
02-01-2005,15.22,15.44,15.15,15.31,0
02-02-2005,15.15,15.15,14.89,14.98,0
02-03-2005,14.97,15.11,14.92,15.11,0
02-04-2005,15.02,15.02,14.84,14.98,0
02-07-2005,14.99,15.18,14.82,15.13,0
02-08-2005,15.34,15.34,15.08,15.14,0
02-09-2005,15.18,15.19,14.95,14.95,0
02-10-2005,15.04,15.09,14.77,14.78,0
02-11-2005,14.86,14.91,14.74,14.77,0
02-14-2005,14.98,15.10,14.96,15.10,0
02-15-2005,15.16,15.19,15.07,15.09,0
02-16-2005,15.09,15.10,14.91,14.93,0
02-17-2005,14.91,14.96,14.81,14.81,0
02-18-2005,14.86,14.87,14.60,14.63,0
02-22-2005,14.52,14.58,14.19,14.21,0
02-23-2005,14.36,14.49,14.31,14.45,0
02-24-2005,14.53,14.55,14.37,14.45,0
02-25-2005,14.44,14.60,14.35,14.51,0
02-28-2005,14.41,14.49,14.23,14.30,0
03-01-2005,14.40,14.59,14.40,14.47,0
03-02-2005,14.39,14.49,14.30,14.30,0
03-03-2005,14.41,14.47,14.28,14.28,0
03-04-2005,14.47,14.70,14.40,14.66,0
03-07-2005,14.74,14.96,14.72,14.82,0
03-08-2005,14.68,14.82,14.61,14.77,0
03-09-2005,14.69,14.72,14.44,14.46,0
03-10-2005,14.39,14.61,14.38,14.51,0
03-11-2005,14.47,14.53,14.20,14.28,0
03-14-2005,14.35,14.52,14.34,14.46,0
03-15-2005,14.51,14.58,14.32,14.34,0
03-16-2005,14.30,14.37,14.21,14.24,0
03-17-2005,14.23,14.44,14.22,14.34,0
03-18-2005,14.32,14.33,14.02,14.13,0
03-21-2005,14.16,14.21,14.03,14.10,0
03-22-2005,14.18,14.31,13.84,13.84,0
03-23-2005,13.81,14.07,13.76,13.97,0
03-24-2005,13.97,14.14,13.85,13.85,0
03-28-2005,13.86,14.10,13.86,13.96,0
03-29-2005,13.96,14.14,13.91,13.97,0
03-30-2005,14.15,14.44,14.15,14.41,0
03-31-2005,14.45,14.60,14.40,14.40,0
04-01-2005,14.46,14.50,14.14,14.20,0
04-04-2005,14.31,14.45,14.19,14.41,0
04-05-2005,14.47,14.55,14.41,14.42,0
04-06-2005,14.41,14.53,14.39,14.40,0
04-07-2005,14.57,14.76,14.54,14.62,0
04-08-2005,14.51,14.52,14.31,14.31,0
04-11-2005,14.50,14.58,14.44,14.53,0
04-12-2005,14.39,14.78,14.36,14.68,0
04-13-2005,14.72,14.77,14.49,14.54,0
04-14-2005,14.64,14.64,14.40,14.44,0
04-15-2005,14.44,14.51,14.18,14.18,0
04-18-2005,14.35,14.66,14.35,14.46,0
04-19-2005,14.50,14.54,14.30,14.30,0
04-20-2005,14.21,14.34,13.99,14.00,0
04-21-2005,14.11,14.18,13.85,14.17,0
04-22-2005,14.18,14.37,14.05,14.24,0
04-25-2005,14.33,14.47,14.28,14.42,0
04-26-2005,14.42,14.56,14.27,14.29,0
04-27-2005,14.13,14.48,14.03,14.40,0
04-28-2005,14.47,14.66,14.37,14.47,0
04-29-2005,14.57,14.69,14.41,14.68,0
05-02-2005,14.73,14.94,14.71,14.85,0
05-03-2005,14.87,14.99,14.74,14.81,0
05-04-2005,14.78,15.10,14.74,15.09,0
05-05-2005,15.04,15.13,14.78,14.94,0
05-06-2005,14.94,14.96,14.74,14.76,0
05-09-2005,14.66,14.89,14.61,14.82,0
05-10-2005,14.70,14.81,14.60,14.64,0
05-11-2005,14.63,14.82,14.55,14.75,0
05-12-2005,14.82,14.90,14.62,14.67,0
05-13-2005,14.55,14.68,14.38,14.47,0
05-16-2005,14.47,14.79,14.43,14.70,0
05-17-2005,14.62,14.87,14.57,14.86,0
05-18-2005,15.01,15.08,14.96,15.05,0
05-19-2005,15.14,15.16,15.00,15.16,0
05-20-2005,15.16,15.21,15.01,15.15,0
05-23-2005,15.20,15.34,15.16,15.20,0
05-24-2005,15.16,15.28,15.01,15.11,0
05-25-2005,15.10,15.15,14.99,15.13,0
05-26-2005,15.20,15.23,15.11,15.18,0
05-27-2005,15.19,15.21,15.13,15.17,0
05-31-2005,15.17,15.20,15.06,15.06,0
06-01-2005,14.96,15.34,14.95,15.30,0
06-02-2005,15.38,15.39,15.29,15.32,0
06-03-2005,15.33,15.34,15.18,15.25,0
06-06-2005,15.29,15.38,15.24,15.36,0
06-07-2005,15.40,15.55,15.28,15.29,0
06-08-2005,15.40,15.45,15.28,15.33,0
06-09-2005,15.38,15.43,15.31,15.32,0
06-10-2005,15.63,15.63,15.17,15.31,0
06-13-2005,15.26,15.38,15.14,15.23,0
06-14-2005,15.16,15.26,15.12,15.21,0
06-15-2005,15.23,15.28,15.17,15.28,0
06-16-2005,15.30,15.37,15.23,15.35,0
06-17-2005,15.58,15.58,15.36,15.42,0
06-20-2005,15.46,15.59,15.37,15.52,0
06-21-2005,15.49,15.52,15.37,15.43,0
06-22-2005,15.51,15.60,15.47,15.47,0
06-23-2005,15.41,15.43,15.16,15.16,0
06-24-2005,14.97,15.21,14.85,15.11,0
06-27-2005,15.09,15.21,15.05,15.07,0
06-28-2005,15.13,15.39,15.06,15.33,0
06-29-2005,15.49,15.56,15.41,15.50,0
06-30-2005,15.64,15.69,15.40,15.49,0
07-01-2005,15.46,15.50,15.18,15.27,0
07-05-2005,15.23,15.35,15.17,15.24,0
07-06-2005,15.23,15.28,15.13,15.14,0
07-07-2005,15.05,15.07,14.89,15.03,0
07-08-2005,15.12,15.39,15.12,15.35,0
07-11-2005,15.38,15.54,15.33,15.51,0
07-12-2005,15.49,15.55,15.36,15.44,0
07-13-2005,15.46,15.61,15.44,15.53,0
07-14-2005,15.58,15.79,15.52,15.78,0
07-15-2005,15.84,15.93,15.70,15.93,0
07-18-2005,15.96,15.96,15.64,15.66,0
07-19-2005,15.67,15.70,15.46,15.53,0
07-20-2005,15.50,15.76,15.44,15.67,0
07-21-2005,15.69,15.71,15.47,15.61,0
07-22-2005,15.47,15.55,15.29,15.52,0
07-25-2005,15.51,15.67,15.50,15.58,0
07-26-2005,15.68,15.80,15.58,15.69,0
07-27-2005,15.66,15.68,15.52,15.59,0
07-28-2005,15.61,15.72,15.58,15.64,0
07-29-2005,15.60,15.66,15.40,15.42,0
08-01-2005,15.43,15.54,15.41,15.46,0
08-02-2005,15.41,15.54,15.37,15.47,0
08-03-2005,15.46,15.51,15.37,15.48,0
08-04-2005,15.53,15.53,15.35,15.42,0
08-05-2005,15.44,15.45,15.21,15.28,0
08-08-2005,15.28,15.34,15.15,15.28,0
08-09-2005,15.26,15.30,15.19,15.25,0
08-10-2005,15.30,15.47,15.16,15.24,0
08-11-2005,15.16,15.26,15.13,15.22,0
08-12-2005,15.12,15.16,15.00,15.06,0
08-15-2005,15.05,15.29,15.00,15.25,0
08-16-2005,15.33,15.38,15.03,15.03,0
08-17-2005,15.00,15.10,14.94,15.02,0
08-18-2005,15.02,15.17,14.99,15.14,0
08-19-2005,15.15,15.23,15.10,15.15,0
08-22-2005,15.27,15.42,15.16,15.22,0
08-23-2005,15.20,15.22,14.97,15.00,0
08-24-2005,14.99,15.02,14.80,14.80,0
08-25-2005,14.79,14.85,14.71,14.81,0
08-26-2005,14.71,14.85,14.43,14.43,0
08-29-2005,14.27,14.58,14.18,14.57,0
08-30-2005,14.68,14.68,14.46,14.50,0
08-31-2005,14.65,14.88,14.51,14.87,0
09-01-2005,14.85,15.07,14.64,14.89,0
09-02-2005,14.98,14.98,14.72,14.72,0
09-06-2005,14.80,15.02,14.76,15.02,0
09-07-2005,15.01,15.01,14.86,14.94,0
09-08-2005,14.67,14.87,14.65,14.85,0
09-09-2005,14.88,14.95,14.86,14.89,0
09-12-2005,14.88,14.90,14.74,14.85,0
09-13-2005,14.88,14.94,14.74,14.85,0
09-14-2005,14.80,14.87,14.65,14.66,0
09-15-2005,14.37,14.46,14.30,14.38,0
09-16-2005,14.52,14.87,14.51,14.87,0
09-19-2005,14.88,14.89,14.75,14.81,0
09-20-2005,14.82,14.95,14.64,14.68,0
09-21-2005,14.48,14.57,14.32,14.32,0
09-22-2005,14.19,14.50,14.19,14.45,0
09-23-2005,14.45,14.60,14.40,14.51,0
09-26-2005,14.54,14.59,14.31,14.35,0
09-27-2005,14.37,14.43,14.31,14.33,0
09-28-2005,14.38,14.49,14.21,14.21,0
09-29-2005,14.19,14.57,14.16,14.52,0
09-30-2005,14.41,14.42,14.26,14.32,0
10-03-2005,14.15,14.22,14.03,14.13,0
10-04-2005,14.14,14.30,13.88,13.90,0
10-05-2005,14.00,14.17,13.98,14.02,0
10-06-2005,13.97,14.28,13.95,14.17,0
10-07-2005,14.39,14.46,14.19,14.28,0
10-10-2005,14.27,14.29,14.02,14.03,0
10-11-2005,14.05,14.16,14.00,14.04,0
10-12-2005,14.00,14.19,13.92,14.01,0
10-13-2005,13.91,14.30,13.91,14.23,0
10-14-2005,14.33,14.47,14.26,14.39,0
10-17-2005,14.43,14.52,14.29,14.44,0
10-18-2005,14.47,14.56,14.35,14.39,0
10-19-2005,14.27,14.73,14.25,14.68,0
10-20-2005,14.68,14.72,14.38,14.47,0
10-21-2005,14.73,14.83,14.48,14.57,0
10-24-2005,14.70,14.84,14.66,14.84,0
10-25-2005,14.70,14.81,14.67,14.76,0
10-26-2005,14.71,14.80,14.67,14.71,0
10-27-2005,14.75,14.90,14.73,14.73,0
10-28-2005,14.77,15.12,14.75,15.12,0
10-31-2005,15.14,15.14,14.91,14.98,0
11-01-2005,14.92,14.98,14.80,14.87,0
11-02-2005,14.74,14.99,14.73,14.82,0
11-03-2005,14.80,14.95,14.69,14.78,0
11-04-2005,14.97,14.99,14.87,14.96,0
11-07-2005,15.10,15.25,15.07,15.21,0
11-08-2005,15.08,15.15,15.02,15.14,0
11-09-2005,15.13,15.33,15.11,15.24,0
11-10-2005,15.16,15.58,15.15,15.53,0
11-11-2005,15.65,15.88,15.54,15.87,0
11-14-2005,15.86,16.01,15.81,15.97,0
11-15-2005,16.00,16.01,15.55,15.66,0
11-16-2005,15.60,15.74,15.35,15.41,0
11-17-2005,15.35,15.89,15.35,15.88,0
11-18-2005,15.54,15.66,15.36,15.58,0
11-21-2005,15.87,16.18,15.84,16.17,0
11-22-2005,15.93,16.31,15.93,16.28,0
11-23-2005,16.40,16.78,16.36,16.62,0
11-25-2005,16.55,16.58,16.47,16.58,0
11-28-2005,16.66,16.73,16.45,16.45,0
11-29-2005,16.41,16.46,16.28,16.30,0
11-30-2005,16.31,16.32,15.84,15.93,0
12-01-2005,16.05,16.09,15.85,15.88,0
12-02-2005,15.91,15.95,15.77,15.84,0
12-05-2005,15.83,15.96,15.69,15.95,0
12-06-2005,16.10,16.14,15.82,15.85,0
12-07-2005,15.82,15.85,15.50,15.67,0
12-08-2005,15.85,15.98,15.61,15.71,0
12-09-2005,15.75,16.01,15.68,15.86,0
12-12-2005,15.85,15.91,15.66,15.75,0
12-13-2005,15.95,16.45,15.94,16.30,0
12-14-2005,16.16,16.39,16.13,16.37,0
12-15-2005,16.37,16.41,16.22,16.26,0
12-16-2005,16.49,16.63,16.35,16.36,0
12-19-2005,16.28,16.45,16.20,16.24,0
12-20-2005,16.16,16.22,16.09,16.15,0
12-21-2005,16.34,16.47,16.18,16.28,0
12-22-2005,16.24,16.33,16.13,16.33,0
12-23-2005,16.40,16.41,16.31,16.37,0
12-27-2005,16.37,16.47,16.16,16.21,0
12-28-2005,16.22,16.28,16.04,16.05,0
12-29-2005,16.10,16.20,16.04,16.06,0
12-30-2005,16.09,16.17,15.94,16.09,0
01-03-2006,16.12,16.39,15.82,16.34,0
01-04-2006,16.31,16.32,15.99,16.11,0
01-05-2006,16.15,16.19,16.01,16.15,0
01-06-2006,16.21,16.36,16.07,16.29,0
01-09-2006,16.20,16.31,16.11,16.20,0
01-10-2006,16.19,16.28,16.11,16.26,0
01-11-2006,16.26,16.44,16.20,16.38,0
01-12-2006,16.28,16.34,16.08,16.09,0
01-13-2006,16.22,16.40,16.19,16.28,0
01-17-2006,16.06,16.14,15.87,15.94,0
01-18-2006,15.86,16.25,15.85,16.22,0
01-19-2006,16.25,16.26,15.86,15.89,0
01-20-2006,15.90,15.90,15.49,15.49,0
01-23-2006,15.59,15.75,15.59,15.63,0
01-24-2006,15.46,15.57,15.34,15.44,0
01-25-2006,15.64,15.81,15.56,15.76,0
01-26-2006,15.94,16.13,15.90,15.97,0
01-27-2006,15.88,16.11,15.70,15.93,0
01-30-2006,16.03,16.04,15.89,15.95,0
01-31-2006,15.87,15.99,15.85,15.91,0
02-01-2006,15.86,15.89,15.71,15.84,0
02-02-2006,15.77,15.82,15.60,15.64,0
02-03-2006,15.47,15.68,15.38,15.54,0
02-06-2006,15.54,15.66,15.47,15.61,0
02-07-2006,15.58,15.72,15.55,15.63,0
02-08-2006,15.59,15.76,15.51,15.71,0
02-09-2006,15.68,15.83,15.60,15.68,0
02-10-2006,15.62,15.87,15.57,15.79,0
02-13-2006,15.76,15.84,15.63,15.80,0
02-14-2006,15.79,16.25,15.74,16.06,0
02-15-2006,16.04,16.35,16.03,16.35,0
02-16-2006,16.32,16.56,16.20,16.54,0
02-17-2006,16.66,16.69,16.44,16.53,0
02-21-2006,16.59,16.61,16.33,16.49,0
02-22-2006,16.55,16.84,16.51,16.76,0
02-23-2006,16.73,16.91,16.52,16.76,0
02-24-2006,16.86,16.93,16.74,16.83,0
02-27-2006,16.83,16.97,16.75,16.80,0
02-28-2006,16.75,16.82,16.54,16.69,0
03-01-2006,16.86,16.98,16.81,16.95,0
03-02-2006,16.84,16.84,16.51,16.62,0
03-03-2006,16.57,16.75,16.47,16.61,0
03-06-2006,16.51,16.58,16.40,16.52,0
03-07-2006,16.49,16.82,16.39,16.77,0
03-08-2006,16.62,16.82,16.47,16.66,0
03-09-2006,16.70,16.78,16.50,16.54,0
03-10-2006,16.50,16.69,16.43,16.63,0
03-13-2006,16.63,16.77,16.60,16.67,0
03-14-2006,16.70,16.98,16.68,16.95,0
03-15-2006,16.82,16.91,16.71,16.88,0
03-16-2006,16.91,17.04,16.79,16.88,0
03-17-2006,17.01,17.02,16.89,16.93,0
03-20-2006,16.85,16.92,16.75,16.87,0
03-21-2006,17.09,17.17,16.90,16.97,0
03-22-2006,16.57,17.12,16.57,17.07,0
03-23-2006,17.08,17.09,16.87,16.99,0
03-24-2006,16.84,16.94,16.78,16.90,0
03-27-2006,16.75,16.90,16.75,16.86,0
03-28-2006,16.90,16.90,16.52,16.60,0
03-29-2006,16.60,16.82,16.49,16.68,0
03-30-2006,16.65,16.76,16.53,16.62,0
03-31-2006,16.66,16.71,16.47,16.51,0
04-03-2006,16.61,16.87,16.58,16.73,0
04-04-2006,16.73,17.07,16.70,16.93,0
04-05-2006,16.96,17.11,16.90,17.00,0
04-06-2006,16.95,17.00,16.82,16.97,0
04-07-2006,16.88,17.00,16.56,16.67,0
04-10-2006,16.70,16.86,16.62,16.66,0
04-11-2006,16.81,16.87,16.68,16.74,0
04-12-2006,16.80,16.86,16.66,16.76,0
04-13-2006,16.79,16.93,16.72,16.89,0
04-17-2006,16.72,16.87,16.59,16.71,0
04-18-2006,16.71,17.07,16.56,17.03,0
04-19-2006,16.93,16.93,16.75,16.81,0
04-20-2006,16.79,17.06,16.76,16.92,0
04-21-2006,17.18,17.19,16.91,17.03,0
04-24-2006,17.05,17.15,16.93,17.07,0
04-25-2006,17.02,17.11,16.94,17.05,0
04-26-2006,17.19,17.36,17.19,17.36,0
04-27-2006,17.17,17.97,17.14,17.82,0
04-28-2006,17.91,18.69,17.85,18.53,0
05-01-2006,18.51,18.51,18.15,18.20,0
05-02-2006,18.10,18.20,17.96,18.04,0
05-03-2006,18.12,18.19,17.97,18.12,0
05-04-2006,18.18,18.43,18.18,18.39,0
05-05-2006,18.56,18.74,18.52,18.70,0
05-08-2006,18.66,18.86,18.47,18.54,0
05-09-2006,18.46,18.59,18.43,18.47,0
05-10-2006,18.55,18.63,18.27,18.38,0
05-11-2006,18.21,18.26,17.92,18.09,0
05-12-2006,18.09,18.24,17.94,17.97,0
05-15-2006,18.02,18.32,17.98,18.19,0
05-16-2006,18.23,18.36,18.12,18.29,0
05-17-2006,18.16,18.29,17.64,17.76,0
05-18-2006,17.73,17.84,17.53,17.53,0
05-19-2006,17.51,17.78,17.51,17.64,0
05-22-2006,17.64,18.08,17.61,17.85,0
05-23-2006,18.01,18.25,17.90,17.96,0
05-24-2006,17.80,18.12,17.75,17.91,0
05-25-2006,18.09,18.09,17.72,17.94,0
05-26-2006,18.08,18.09,17.85,18.00,0
05-30-2006,17.99,18.05,17.76,17.78,0
05-31-2006,17.81,17.89,17.53,17.75,0
06-01-2006,17.84,18.28,17.79,18.27,0
06-02-2006,18.32,18.47,18.24,18.41,0
06-05-2006,18.48,18.61,18.27,18.28,0
06-06-2006,18.14,18.25,17.86,18.23,0
06-07-2006,18.30,18.80,18.29,18.50,0
06-08-2006,18.28,18.85,18.17,18.83,0
06-09-2006,18.87,18.93,18.56,18.72,0
06-12-2006,18.70,18.92,18.52,18.74,0
06-13-2006,18.66,18.67,17.87,17.99,0
06-14-2006,17.97,18.02,17.35,17.79,0
06-15-2006,17.86,18.05,17.65,17.99,0
06-16-2006,17.88,18.01,17.74,17.91,0
06-19-2006,17.98,18.08,17.75,17.84,0
06-20-2006,17.77,18.04,17.77,17.89,0
06-21-2006,17.80,18.08,17.79,17.86,0
06-22-2006,17.72,17.83,17.64,17.77,0
06-23-2006,17.60,17.61,17.36,17.46,0
06-26-2006,17.68,17.82,17.56,17.78,0
06-27-2006,17.79,17.79,17.54,17.54,0
06-28-2006,17.85,18.06,17.78,17.96,0
06-29-2006,17.96,18.53,17.60,18.39,0
06-30-2006,18.24,18.43,18.11,18.12,0
07-03-2006,18.14,18.28,18.07,18.26,0
07-05-2006,18.15,18.15,17.93,18.00,0
07-06-2006,17.89,18.11,17.88,18.10,0
07-07-2006,18.20,18.56,18.11,18.41,0
07-10-2006,18.50,18.57,18.44,18.49,0
07-11-2006,18.34,18.59,18.18,18.58,0
07-12-2006,18.58,18.69,18.27,18.29,0
07-13-2006,18.34,18.60,18.33,18.41,0
07-14-2006,18.40,18.45,18.22,18.32,0
07-17-2006,18.27,18.70,18.26,18.55,0
07-18-2006,18.35,18.66,18.28,18.43,0
07-19-2006,18.65,19.43,18.57,19.40,0
07-20-2006,19.44,19.81,19.37,19.37,0
07-21-2006,19.30,19.73,19.30,19.56,0
07-24-2006,19.64,19.74,19.44,19.51,0
07-25-2006,19.32,19.46,19.20,19.39,0
07-26-2006,19.33,19.55,19.28,19.47,0
07-27-2006,19.52,19.59,19.10,19.15,0
07-28-2006,19.44,20.13,19.44,20.07,0
07-31-2006,19.92,20.14,19.88,20.06,0
08-01-2006,19.97,20.11,19.77,20.06,0
08-02-2006,20.11,20.32,19.94,20.21,0
08-03-2006,20.18,20.35,20.03,20.27,0
08-04-2006,20.39,20.61,20.26,20.32,0
08-07-2006,20.32,20.33,20.01,20.09,0
08-08-2006,20.09,20.20,19.63,19.75,0
08-09-2006,19.77,19.86,18.97,19.06,0
08-10-2006,18.97,18.98,18.64,18.96,0
08-11-2006,18.83,19.04,18.77,19.01,0
08-14-2006,19.57,19.60,18.79,18.90,0
08-15-2006,19.71,19.72,19.05,19.06,0
08-16-2006,19.31,19.37,19.14,19.26,0
08-17-2006,19.24,19.27,19.03,19.17,0
08-18-2006,19.22,19.54,18.97,19.07,0
08-21-2006,19.06,19.18,18.97,19.12,0
08-22-2006,19.21,19.21,18.87,18.88,0
08-23-2006,18.97,19.03,18.74,18.99,0
08-24-2006,19.01,19.19,18.98,19.16,0
08-25-2006,19.30,19.38,19.07,19.15,0
08-28-2006,19.28,19.44,19.20,19.37,0
08-29-2006,19.38,19.38,18.99,19.17,0
08-30-2006,19.15,19.32,19.09,19.09,0
08-31-2006,19.20,19.20,19.05,19.09,0
09-01-2006,19.19,19.20,19.01,19.14,0
09-05-2006,19.20,19.34,19.12,19.18,0
09-06-2006,19.13,19.43,19.03,19.28,0
09-07-2006,19.32,19.40,18.97,19.05,0
09-08-2006,19.29,19.29,18.85,19.20,0
09-11-2006,19.36,19.37,18.69,19.31,0
09-12-2006,19.44,19.63,19.32,19.55,0
09-13-2006,19.48,19.64,19.34,19.59,0
09-14-2006,19.59,19.75,19.43,19.71,0
09-15-2006,20.00,20.07,19.85,19.96,0
09-18-2006,19.82,20.48,19.58,19.83,0
09-19-2006,19.84,19.94,19.68,19.93,0
09-20-2006,19.95,20.25,19.95,20.18,0
09-21-2006,20.37,20.43,19.98,20.14,0
09-22-2006,20.31,20.31,20.03,20.10,0
09-25-2006,20.18,20.33,20.00,20.24,0
09-26-2006,20.31,20.31,20.14,20.30,0
09-27-2006,20.29,20.30,20.02,20.09,0
09-28-2006,20.19,20.27,20.05,20.09,0
09-29-2006,20.14,20.35,20.10,20.16,0
10-02-2006,20.20,20.20,19.83,19.99,0
10-03-2006,20.00,20.38,20.00,20.33,0
10-04-2006,20.24,20.58,20.17,20.50,0
10-05-2006,20.48,20.57,20.33,20.41,0
10-06-2006,20.34,20.40,20.21,20.32,0
10-09-2006,20.32,20.44,20.26,20.43,0
10-10-2006,20.43,20.55,20.30,20.34,0
10-11-2006,20.29,20.36,20.09,20.24,0
10-12-2006,20.28,20.33,20.11,20.23,0
10-13-2006,20.17,20.34,20.11,20.24,0
10-16-2006,20.13,20.15,19.88,20.03,0
10-17-2006,20.03,20.39,19.70,20.24,0
10-18-2006,20.41,20.58,20.23,20.47,0
10-19-2006,20.36,20.48,20.09,20.42,0
10-20-2006,20.56,20.62,20.25,20.36,0
10-23-2006,20.35,20.56,20.25,20.50,0
10-24-2006,20.38,20.45,20.17,20.34,0
10-25-2006,20.33,20.40,20.02,20.29,0
10-26-2006,20.18,20.29,19.99,20.25,0
10-27-2006,20.28,20.42,20.14,20.19,0
10-30-2006,20.31,20.36,20.12,20.22,0
10-31-2006,20.38,20.56,20.15,20.23,0
11-01-2006,20.28,20.28,19.88,20.05,0
11-02-2006,19.96,20.13,19.85,19.96,0
11-03-2006,19.99,20.19,19.96,20.01,0
11-06-2006,20.09,20.32,20.03,20.27,0
11-07-2006,20.25,20.42,20.14,20.28,0
11-08-2006,20.32,20.68,20.25,20.59,0
11-09-2006,20.69,20.69,20.46,20.56,0
11-10-2006,20.69,20.75,20.49,20.64,0
11-13-2006,20.66,20.84,20.42,20.49,0
11-14-2006,20.42,20.72,20.17,20.56,0
11-15-2006,20.59,20.66,20.21,20.29,0
11-16-2006,20.56,20.58,20.36,20.48,0
11-17-2006,20.34,20.49,20.30,20.31,0
11-20-2006,20.28,20.31,20.11,20.20,0
11-21-2006,20.14,20.17,19.84,19.85,0
11-22-2006,19.76,19.88,19.57,19.64,0
11-24-2006,19.52,19.81,19.47,19.69,0
11-27-2006,19.61,19.69,19.37,19.41,0
11-28-2006,19.38,19.41,19.22,19.38,0
11-29-2006,19.42,19.68,19.41,19.65,0
11-30-2006,19.65,19.66,19.29,19.48,0
12-01-2006,19.62,19.67,19.31,19.47,0
12-04-2006,19.40,19.70,19.38,19.60,0
12-05-2006,19.64,19.69,19.49,19.65,0
12-06-2006,19.73,19.77,19.64,19.65,0
12-07-2006,19.77,19.88,19.59,19.65,0
12-08-2006,19.59,19.72,19.44,19.61,0
12-11-2006,19.61,19.74,19.53,19.58,0
12-12-2006,19.41,19.53,19.32,19.43,0
12-13-2006,19.44,19.54,19.39,19.44,0
12-14-2006,19.49,19.69,19.40,19.60,0
12-15-2006,19.58,19.71,19.45,19.61,0
12-18-2006,19.75,19.80,19.59,19.76,0
12-19-2006,19.65,19.92,19.64,19.79,0
12-20-2006,19.92,20.02,19.87,19.89,0
12-21-2006,19.90,20.03,19.88,19.90,0
12-22-2006,19.83,19.98,19.62,19.86,0
12-26-2006,19.70,19.86,19.67,19.83,0
12-27-2006,19.86,20.00,19.84,19.92,0
12-28-2006,19.96,19.99,19.79,19.86,0
12-29-2006,19.71,19.78,19.45,19.51,0
01-03-2007,19.74,19.80,19.32,19.59,0
01-04-2007,19.63,19.85,19.48,19.68,0
01-05-2007,19.73,19.76,19.52,19.58,0
01-08-2007,19.70,19.91,19.53,19.61,0
01-09-2007,19.59,19.80,19.52,19.60,0
01-10-2007,19.51,19.69,19.48,19.56,0
01-11-2007,19.46,19.60,19.46,19.52,0
01-12-2007,19.56,19.70,19.46,19.54,0
01-16-2007,19.67,20.19,19.63,19.99,0
01-17-2007,20.14,20.27,19.95,20.11,0
01-18-2007,20.19,20.28,20.10,20.14,0
01-19-2007,20.20,20.23,19.88,20.01,0
01-22-2007,19.94,20.01,19.65,19.78,0
01-23-2007,19.61,19.80,19.43,19.77,0
01-24-2007,19.74,20.23,19.72,20.18,0
01-25-2007,20.22,20.35,19.89,19.93,0
01-26-2007,19.93,20.00,19.70,19.85,0
01-29-2007,19.81,19.97,19.77,19.84,0
01-30-2007,19.95,19.96,19.74,19.80,0
01-31-2007,19.79,20.19,19.78,20.13,0
02-01-2007,20.05,20.17,19.81,20.00,0
02-02-2007,20.06,20.20,19.99,20.06,0
02-05-2007,20.00,20.05,19.91,19.93,0
02-06-2007,20.00,20.18,19.97,20.09,0
02-07-2007,19.86,19.95,19.74,19.83,0
02-08-2007,20.01,20.01,19.67,19.82,0
02-09-2007,19.72,20.05,19.58,19.68,0
02-12-2007,19.58,19.69,19.49,19.67,0
02-13-2007,19.68,20.00,19.65,19.88,0
02-14-2007,19.98,20.23,19.94,20.08,0
02-15-2007,20.20,20.31,20.02,20.04,0
02-16-2007,20.32,20.33,19.77,19.93,0
02-20-2007,20.01,20.16,19.88,20.14,0
02-21-2007,20.04,20.30,19.95,20.22,0
02-22-2007,20.15,20.23,20.01,20.21,0
02-23-2007,20.25,20.28,19.77,19.84,0
02-26-2007,19.89,19.95,19.64,19.83,0
02-27-2007,19.42,19.69,18.40,18.84,0
02-28-2007,19.01,19.40,18.78,19.16,0
03-01-2007,18.94,19.26,18.72,19.07,0
03-02-2007,19.00,19.31,18.85,18.88,0
03-05-2007,18.52,19.02,18.51,18.55,0
03-06-2007,18.79,19.01,18.60,18.95,0
03-07-2007,18.77,18.93,18.60,18.62,0
03-08-2007,18.82,18.94,18.69,18.73,0
03-09-2007,19.00,19.05,18.78,18.79,0
03-12-2007,18.53,18.79,18.39,18.78,0
03-13-2007,18.65,18.79,18.01,18.05,0
03-14-2007,18.09,18.39,17.73,18.22,0
03-15-2007,18.16,18.87,18.09,18.53,0
03-16-2007,18.55,18.87,18.38,18.41,0
03-19-2007,18.51,18.78,18.51,18.63,0
03-20-2007,18.65,18.97,18.61,18.93,0
03-21-2007,18.94,19.62,18.69,19.56,0
03-22-2007,19.26,19.65,18.93,19.21,0
03-23-2007,19.30,19.41,19.14,19.25,0
03-26-2007,19.08,19.20,18.76,18.96,0
03-27-2007,18.83,19.17,18.75,18.76,0
03-28-2007,18.71,18.80,18.53,18.57,0
03-29-2007,18.81,18.94,18.60,18.84,0
03-30-2007,18.91,19.13,18.66,18.86,0
04-02-2007,18.83,18.85,18.46,18.52,0
04-03-2007,18.61,18.95,18.61,18.92,0
04-04-2007,18.92,18.92,18.73,18.76,0
04-05-2007,18.64,18.86,18.64,18.83,0
04-09-2007,18.75,18.76,18.60,18.72,0
04-10-2007,18.76,18.82,18.68,18.77,0
04-11-2007,18.74,18.82,18.54,18.54,0
04-12-2007,18.63,18.83,18.52,18.76,0
04-13-2007,18.61,19.06,18.58,18.98,0
04-16-2007,19.06,19.60,18.98,19.60,0
04-17-2007,19.74,19.87,19.29,19.41,0
04-18-2007,19.41,19.93,19.22,19.83,0
04-19-2007,19.83,20.11,19.64,20.05,0
04-20-2007,20.18,20.23,19.87,20.09,0
04-23-2007,20.18,20.22,19.91,19.91,0
04-24-2007,19.88,19.91,19.60,19.75,0
04-25-2007,19.78,20.17,19.78,20.13,0
04-26-2007,19.55,20.17,19.55,19.95,0
04-27-2007,19.88,19.96,19.75,19.85,0
04-30-2007,20.01,20.07,19.79,19.82,0
05-01-2007,20.03,20.12,19.79,20.04,0
05-02-2007,20.02,20.15,19.93,19.96,0
05-03-2007,20.07,20.27,20.05,20.16,0
05-04-2007,20.16,20.27,20.00,20.13,0
05-07-2007,20.17,20.36,20.16,20.28,0
05-08-2007,20.09,20.25,19.99,20.05,0
05-09-2007,20.12,20.48,20.09,20.39,0
05-10-2007,20.23,20.23,19.74,19.74,0
05-11-2007,19.85,20.07,19.77,19.85,0
05-14-2007,19.91,20.06,19.64,19.67,0
05-15-2007,19.88,20.18,19.76,19.85,0
05-16-2007,19.96,20.39,19.77,20.38,0
05-17-2007,20.25,20.44,20.21,20.39,0
05-18-2007,20.56,20.64,20.51,20.62,0
05-21-2007,20.56,20.59,20.31,20.45,0
05-22-2007,20.43,20.47,20.20,20.23,0
05-23-2007,20.27,20.37,20.15,20.30,0
05-24-2007,20.27,20.54,20.22,20.26,0
05-25-2007,20.28,20.33,20.15,20.33,0
05-29-2007,20.34,20.46,20.25,20.34,0
05-30-2007,20.27,20.42,20.19,20.40,0
05-31-2007,20.36,20.46,20.22,20.30,0
06-01-2007,20.20,20.49,20.17,20.44,0
06-04-2007,20.56,20.56,20.36,20.40,0
06-05-2007,20.25,20.28,19.97,20.09,0
06-06-2007,20.04,20.04,19.78,19.85,0
06-07-2007,19.84,19.97,19.44,19.46,0
06-08-2007,19.45,19.70,19.44,19.67,0
06-11-2007,19.61,19.93,19.57,19.77,0
06-12-2007,19.64,19.90,19.52,19.54,0
06-13-2007,19.52,20.04,19.45,20.01,0
06-14-2007,19.75,20.25,19.72,20.09,0
06-15-2007,20.17,20.53,20.13,20.15,0
06-18-2007,20.19,20.29,20.01,20.20,0
06-19-2007,20.17,20.39,20.08,20.35,0
06-20-2007,20.51,20.51,19.91,19.92,0
06-21-2007,19.76,19.84,19.49,19.72,0
06-22-2007,19.60,19.68,19.25,19.26,0
06-25-2007,19.36,19.68,19.34,19.42,0
06-26-2007,19.60,19.68,19.37,19.41,0
06-27-2007,19.14,19.56,19.04,19.53,0
06-28-2007,19.63,19.87,19.41,19.59,0
06-29-2007,19.54,20.04,19.12,19.29,0
07-02-2007,19.60,19.78,19.51,19.67,0
07-03-2007,19.64,19.76,19.48,19.60,0
07-05-2007,19.72,19.85,19.37,19.53,0
07-06-2007,19.46,19.58,19.38,19.53,0
07-09-2007,19.57,19.72,19.33,19.36,0
07-10-2007,19.26,19.26,18.75,18.84,0
07-11-2007,18.85,19.31,18.80,19.25,0
07-12-2007,19.44,19.69,19.26,19.66,0
07-13-2007,19.59,19.80,19.55,19.74,0
07-16-2007,19.88,20.15,19.72,19.72,0
07-17-2007,19.88,20.01,19.57,19.72,0
07-18-2007,19.73,19.76,19.38,19.69,0
07-19-2007,19.79,19.95,19.51,19.79,0
07-20-2007,19.44,19.80,19.03,19.08,0
07-23-2007,19.28,19.44,19.11,19.21,0
07-24-2007,18.97,19.15,18.49,18.57,0
07-25-2007,18.90,19.26,18.71,19.03,0
07-26-2007,18.32,18.72,17.98,18.16,0
07-27-2007,18.28,18.79,18.06,18.18,0
07-30-2007,18.34,19.07,18.01,18.98,0
07-31-2007,19.08,19.33,18.29,18.35,0
08-01-2007,18.36,18.97,18.18,18.91,0
08-02-2007,18.29,19.16,18.29,18.85,0
08-03-2007,18.62,18.91,17.50,17.62,0
08-06-2007,17.66,19.19,17.66,19.15,0
08-07-2007,18.72,19.53,18.72,19.21,0
08-08-2007,19.28,19.76,19.01,19.55,0
08-09-2007,18.78,19.79,17.87,18.98,0
08-10-2007,18.42,19.49,18.41,19.11,0
08-13-2007,19.37,19.47,18.69,18.77,0
08-14-2007,18.75,18.98,18.44,18.53,0
08-15-2007,18.56,19.34,18.20,18.47,0
08-16-2007,18.10,20.33,17.97,19.90,0
08-17-2007,21.13,21.86,20.26,21.28,0
08-20-2007,21.34,21.41,20.67,21.25,0
08-21-2007,21.05,21.69,20.84,21.39,0
08-22-2007,21.49,21.75,20.69,20.94,0
08-23-2007,20.92,21.09,20.43,20.67,0
08-24-2007,20.67,20.81,20.44,20.76,0
08-27-2007,20.54,20.70,20.31,20.35,0
08-28-2007,20.02,20.16,19.58,19.63,0
08-29-2007,19.71,20.30,19.45,20.20,0
08-30-2007,20.14,20.36,19.91,20.09,0
08-31-2007,20.59,20.90,20.37,20.71,0
09-04-2007,20.60,20.92,20.41,20.69,0
09-05-2007,20.19,20.46,19.61,20.10,0
09-06-2007,20.20,20.31,19.67,20.04,0
09-07-2007,19.58,19.99,19.45,19.68,0
09-10-2007,19.78,19.92,19.30,19.63,0
09-11-2007,19.68,20.42,19.55,20.35,0
09-12-2007,20.24,20.31,19.99,20.02,0
09-13-2007,20.04,20.24,19.96,20.09,0
09-14-2007,19.90,20.09,19.76,19.97,0
09-17-2007,19.94,20.19,19.87,20.09,0
09-18-2007,19.93,21.30,19.92,21.26,0
09-19-2007,21.42,21.89,21.27,21.36,0
09-20-2007,21.17,21.41,20.50,20.74,0
09-21-2007,20.62,20.94,20.33,20.42,0
09-24-2007,20.50,20.54,20.21,20.28,0
09-25-2007,19.97,20.50,19.97,20.37,0
09-26-2007,20.39,20.43,19.97,20.12,0
09-27-2007,20.17,20.37,19.88,20.24,0
09-28-2007,20.13,20.22,19.82,19.94,0
10-01-2007,19.62,20.80,19.62,20.74,0
10-02-2007,20.85,20.88,20.42,20.72,0
10-03-2007,20.61,21.10,20.50,21.01,0
10-04-2007,21.01,21.40,21.01,21.22,0
10-05-2007,21.39,21.61,20.99,21.37,0
10-08-2007,21.42,21.47,20.89,21.04,0
10-09-2007,21.09,21.19,20.85,21.10,0
10-10-2007,21.16,21.16,20.52,20.78,0
10-11-2007,20.75,21.01,20.22,20.48,0
10-12-2007,20.58,20.71,20.22,20.27,0
10-15-2007,20.12,20.32,19.82,20.11,0
10-16-2007,19.38,19.38,18.72,18.98,0
10-17-2007,19.23,19.29,18.38,18.77,0
10-18-2007,18.34,18.49,18.02,18.17,0
10-19-2007,18.00,18.31,17.62,17.62,0
10-22-2007,17.58,18.50,17.52,18.42,0
10-23-2007,18.66,18.71,18.20,18.40,0
10-24-2007,18.14,18.78,17.64,18.55,0
10-25-2007,18.61,18.62,18.00,18.34,0
10-26-2007,18.77,18.88,18.16,18.82,0
10-29-2007,18.89,18.95,18.42,18.45,0
10-30-2007,18.76,18.94,18.63,18.75,0
10-31-2007,18.93,18.96,18.09,18.57,0
11-01-2007,18.03,18.20,17.15,17.21,0
11-02-2007,17.39,17.68,17.02,17.36,0
11-05-2007,16.98,17.33,16.62,16.92,0
11-06-2007,17.03,17.80,16.99,17.76,0
11-07-2007,17.75,18.01,16.24,16.25,0
11-08-2007,16.75,16.97,16.11,16.82,0
11-09-2007,16.57,17.58,16.19,16.98,0
11-12-2007,16.93,18.29,16.93,17.56,0
11-13-2007,18.06,18.79,17.66,18.76,0
11-14-2007,18.97,19.08,18.15,18.26,0
11-15-2007,17.75,18.15,17.01,17.24,0
11-16-2007,16.97,17.10,16.29,16.54,0
11-19-2007,16.56,16.64,15.64,16.18,0
11-20-2007,15.98,16.53,15.54,16.10,0
11-21-2007,15.86,16.21,15.64,15.71,0
11-23-2007,16.14,16.66,15.97,16.43,0
11-26-2007,16.35,16.44,15.21,15.25,0
11-27-2007,15.86,15.86,15.17,15.59,0
11-28-2007,15.79,17.00,15.71,16.28,0
11-29-2007,16.17,16.23,15.65,16.03,0
11-30-2007,17.41,18.84,16.68,17.62,0
12-03-2007,17.88,17.88,17.05,17.17,0
12-04-2007,16.98,17.17,16.57,17.02,0
12-05-2007,17.48,17.67,17.13,17.57,0
12-06-2007,17.12,18.29,16.80,17.63,0
12-07-2007,17.71,17.90,16.80,16.92,0
12-10-2007,16.96,17.85,16.96,17.65,0
12-11-2007,17.72,17.72,16.22,16.30,0
12-12-2007,16.76,17.16,15.56,16.22,0
12-13-2007,15.51,15.98,15.29,15.92,0
12-14-2007,15.87,16.22,15.45,15.62,0
12-17-2007,15.50,16.19,15.11,15.56,0
12-18-2007,15.73,16.02,15.22,15.74,0
12-19-2007,15.95,16.65,15.81,16.13,0
12-20-2007,16.20,16.25,15.44,15.78,0
12-21-2007,16.09,16.17,15.48,15.86,0
12-24-2007,15.89,16.62,15.85,16.47,0
12-26-2007,16.49,16.65,16.13,16.52,0
12-27-2007,16.19,16.30,15.77,15.84,0
12-28-2007,15.98,16.03,15.50,15.65,0
12-31-2007,15.63,16.01,15.36,15.71,0
01-02-2008,15.88,15.88,14.71,14.80,0
01-03-2008,15.03,15.13,14.19,14.46,0
01-04-2008,14.14,14.20,13.16,13.55,0
01-07-2008,13.71,13.98,13.25,13.70,0
01-08-2008,13.85,14.03,12.68,12.78,0
01-09-2008,12.85,13.33,12.29,13.27,0
01-10-2008,12.72,14.21,12.68,13.78,0
01-11-2008,13.62,14.35,13.18,14.00,0
01-14-2008,14.19,14.22,13.62,14.05,0
01-15-2008,13.36,13.50,12.77,12.80,0
01-16-2008,13.78,14.10,13.02,13.53,0
01-17-2008,13.52,13.66,12.35,12.45,0
01-18-2008,12.97,13.23,11.69,12.05,0
01-22-2008,11.20,14.24,11.20,13.21,0
01-23-2008,12.63,15.66,12.62,15.10,0
01-24-2008,15.62,16.75,15.21,16.53,0
01-25-2008,16.96,17.35,15.78,16.27,0
01-28-2008,15.95,17.13,15.84,17.03,0
01-29-2008,17.14,17.78,16.64,17.61,0
01-30-2008,17.51,18.70,17.29,17.73,0
01-31-2008,17.34,18.93,17.00,18.80,0
02-01-2008,18.17,19.19,18.08,18.48,0
02-04-2008,17.41,17.53,16.40,16.63,0
02-05-2008,15.92,16.22,15.64,15.83,0
02-06-2008,16.52,16.64,15.66,15.92,0
02-07-2008,15.69,16.50,15.57,16.18,0
02-08-2008,16.10,16.19,15.06,15.41,0
02-11-2008,15.74,15.74,14.89,15.45,0
02-12-2008,15.64,16.09,15.35,15.75,0
02-13-2008,16.02,16.37,15.55,16.22,0
02-14-2008,16.26,16.34,15.44,15.51,0
02-15-2008,15.37,15.66,14.84,15.58,0
02-19-2008,16.21,16.42,15.39,15.71,0
02-20-2008,15.49,16.50,15.27,16.36,0
02-21-2008,16.47,16.74,16.31,16.41,0
02-22-2008,16.50,17.06,16.06,16.95,0
02-25-2008,16.78,17.30,16.39,17.17,0
02-26-2008,17.07,17.38,16.61,16.92,0
02-27-2008,16.48,17.64,16.34,17.19,0
02-28-2008,16.90,16.90,16.20,16.22,0
02-29-2008,15.82,15.93,14.85,15.01,0
03-03-2008,15.03,15.04,14.23,14.74,0
03-04-2008,14.42,14.92,13.95,14.73,0
03-05-2008,15.06,15.65,14.54,14.84,0
03-06-2008,14.51,14.68,13.85,13.91,0
03-07-2008,13.59,15.10,13.32,14.09,0
03-10-2008,14.38,14.44,13.56,13.92,0
03-11-2008,15.81,16.55,14.92,16.55,0
03-12-2008,16.05,16.97,15.28,15.35,0
03-13-2008,14.86,15.66,14.12,15.39,0
03-14-2008,15.59,15.83,14.19,14.56,0
03-17-2008,13.58,15.20,13.46,14.78,0
03-18-2008,15.90,17.07,15.54,17.03,0
03-19-2008,17.12,17.70,16.01,16.24,0
03-20-2008,16.52,17.97,16.22,17.77,0
03-24-2008,17.64,18.54,17.34,17.41,0
03-25-2008,17.37,17.71,16.82,17.38,0
03-26-2008,17.16,17.16,15.87,16.39,0
03-27-2008,16.70,16.70,15.79,15.96,0
03-28-2008,16.07,16.16,15.13,15.24,0
03-31-2008,15.28,15.56,14.90,15.05,0
04-01-2008,16.01,16.96,15.84,16.93,0
04-02-2008,17.08,17.11,15.98,16.15,0
04-03-2008,16.05,16.66,15.87,16.49,0
04-04-2008,16.46,16.72,16.12,16.55,0
04-07-2008,16.92,17.16,16.38,16.39,0
04-08-2008,16.02,16.07,15.54,15.76,0
04-09-2008,15.79,15.90,15.02,15.34,0
04-10-2008,15.22,15.42,14.51,14.60,0
04-11-2008,14.38,14.85,14.11,14.17,0
04-14-2008,14.02,14.22,13.57,13.66,0
04-15-2008,13.77,14.16,13.48,14.03,0
04-16-2008,15.71,16.02,14.56,14.97,0
04-17-2008,14.81,15.77,14.72,15.61,0
04-18-2008,16.31,16.64,16.01,16.13,0
04-21-2008,15.69,15.75,15.05,15.22,0
04-22-2008,15.16,15.47,14.97,15.31,0
04-23-2008,15.35,15.51,14.67,14.94,0
04-24-2008,14.85,15.78,14.70,15.55,0
04-25-2008,15.71,16.30,15.32,16.13,0
04-28-2008,16.06,16.20,15.76,15.93,0
04-29-2008,16.10,16.17,15.62,15.73,0
04-30-2008,15.57,16.12,15.32,15.46,0
05-01-2008,15.56,17.14,15.55,16.67,0
05-02-2008,17.16,17.64,16.49,16.65,0
05-05-2008,16.55,16.76,16.19,16.57,0
05-06-2008,16.08,16.83,15.98,16.58,0
05-07-2008,16.95,16.98,15.80,15.90,0
05-08-2008,15.88,15.91,15.09,15.33,0
05-09-2008,14.95,15.51,14.75,15.02,0
05-12-2008,15.08,15.39,14.99,15.28,0
05-13-2008,15.59,15.73,14.88,14.94,0
05-14-2008,15.05,15.29,14.76,14.87,0
05-15-2008,15.00,15.50,14.79,15.50,0
05-16-2008,15.36,15.37,14.54,14.81,0
05-19-2008,14.85,15.20,14.37,14.43,0
05-20-2008,14.21,14.86,13.79,14.02,0
05-21-2008,13.94,14.29,13.56,13.75,0
05-22-2008,13.83,14.38,13.67,13.96,0
05-23-2008,13.90,13.97,13.59,13.78,0
05-27-2008,13.74,14.05,13.35,13.68,0
05-28-2008,13.82,13.95,12.96,13.63,0
05-29-2008,13.42,14.04,13.34,13.92,0
05-30-2008,14.18,14.18,13.55,13.61,0
06-02-2008,13.46,13.52,12.85,13.17,0
06-03-2008,13.12,13.26,12.59,12.74,0
06-04-2008,12.77,13.09,12.45,12.80,0
06-05-2008,12.99,13.50,12.82,13.29,0
06-06-2008,12.97,12.99,11.79,11.87,0
06-09-2008,11.79,11.91,11.07,11.43,0
06-10-2008,11.42,12.57,11.24,12.11,0
06-11-2008,12.21,12.25,11.73,11.77,0
06-12-2008,12.19,13.06,12.08,12.42,0
06-13-2008,12.64,12.88,11.84,12.47,0
06-16-2008,12.47,13.23,12.14,12.75,0
06-17-2008,13.03,13.40,11.86,11.97,0
06-18-2008,11.65,12.33,11.47,11.99,0
06-19-2008,12.07,12.25,11.35,12.19,0
06-20-2008,11.17,11.84,10.72,11.12,0
06-23-2008,11.31,11.44,10.71,11.02,0
06-24-2008,10.92,12.09,10.67,11.70,0
06-25-2008,11.55,12.48,11.43,11.58,0
06-26-2008,11.09,11.51,10.52,10.52,0
06-27-2008,10.65,10.93,10.16,10.49,0
06-30-2008,10.52,10.70,10.01,10.24,0
07-01-2008,10.04,10.64,9.70,10.56,0
07-02-2008,10.98,11.43,10.45,10.48,0
07-03-2008,10.38,10.79,9.95,10.40,0
07-07-2008,10.58,10.82,9.23,10.04,0
07-08-2008,10.13,11.00,9.49,10.91,0
07-09-2008,11.35,11.70,10.42,10.54,0
07-10-2008,10.31,10.96,9.97,10.53,0
07-11-2008,9.62,10.59,9.26,9.97,0
07-14-2008,10.79,10.89,8.89,8.96,0
07-15-2008,8.70,10.14,8.26,8.30,0
07-16-2008,10.72,13.54,10.26,13.47,0
07-17-2008,13.54,14.94,12.40,14.22,0
07-18-2008,14.27,14.46,12.98,14.10,0
07-21-2008,14.25,14.69,13.65,13.85,0
07-22-2008,13.30,15.94,12.77,15.80,0
07-23-2008,15.54,17.01,15.33,15.80,0
07-24-2008,16.00,16.09,14.65,14.77,0
07-25-2008,14.91,15.46,14.26,14.72,0
07-28-2008,14.67,15.20,13.71,13.82,0
07-29-2008,14.04,15.87,13.69,15.87,0
07-30-2008,16.29,16.69,15.40,16.45,0
07-31-2008,16.53,16.95,15.97,16.17,0
08-01-2008,16.16,16.45,15.71,16.34,0
08-04-2008,16.02,16.56,15.50,16.09,0
08-05-2008,16.38,17.29,16.13,17.17,0
08-06-2008,16.85,16.98,16.28,16.45,0
08-07-2008,15.99,16.58,14.90,15.27,0
08-08-2008,14.96,16.15,14.70,15.87,0
08-11-2008,16.05,17.56,16.05,17.19,0
08-12-2008,16.48,16.90,15.75,15.98,0
08-13-2008,15.79,15.94,14.87,15.10,0
08-14-2008,15.11,16.19,14.92,15.90,0
08-15-2008,15.62,16.16,15.16,15.57,0
08-18-2008,15.58,15.58,14.52,14.72,0
08-19-2008,14.21,14.21,13.30,13.63,0
08-20-2008,13.81,14.62,13.14,14.54,0
08-21-2008,14.21,14.62,14.10,14.43,0
08-22-2008,14.71,15.06,14.29,14.82,0
08-25-2008,14.52,14.77,14.21,14.32,0
08-26-2008,14.33,14.79,13.85,14.33,0
08-27-2008,14.75,15.08,14.46,14.89,0
08-28-2008,15.06,15.94,14.77,15.93,0
08-29-2008,15.87,16.19,15.60,15.95,0
09-02-2008,16.57,16.95,16.16,16.56,0
09-03-2008,16.47,16.69,16.04,16.38,0
09-04-2008,16.12,16.43,15.32,15.40,0
09-05-2008,15.32,16.74,14.69,16.63,0
09-08-2008,18.40,18.98,17.26,18.65,0
09-09-2008,18.22,18.77,16.68,16.69,0
09-10-2008,16.96,17.76,15.83,17.12,0
09-11-2008,16.48,19.09,16.33,19.01,0
09-12-2008,18.37,19.37,18.13,19.20,0
09-15-2008,17.92,19.79,16.58,16.58,0
09-16-2008,16.81,19.96,16.65,19.81,0
09-17-2008,18.95,20.12,18.08,18.65,0
09-18-2008,19.27,23.51,17.65,21.46,0
09-19-2008,27.33,27.64,21.46,23.71,0
09-22-2008,23.30,23.34,19.40,20.11,0
09-23-2008,20.00,21.24,19.18,19.30,0
09-24-2008,19.95,20.47,19.12,19.28,0
09-25-2008,20.22,20.67,19.23,19.31,0
09-26-2008,18.51,22.52,18.29,21.76,0
09-29-2008,20.78,22.72,18.57,18.57,0
09-30-2008,20.19,22.31,19.74,21.94,0
10-01-2008,21.35,22.66,20.96,21.13,0
10-02-2008,21.63,22.16,20.03,20.15,0
10-03-2008,22.40,23.18,19.60,19.65,0
10-06-2008,18.52,20.28,17.41,18.80,0
10-07-2008,19.37,20.08,16.55,16.55,0
10-08-2008,15.94,19.01,15.35,17.51,0
10-09-2008,18.58,18.58,13.04,13.90,0
10-10-2008,12.45,15.75,12.11,14.77,0
10-13-2008,16.57,16.85,14.08,16.37,0
10-14-2008,18.43,19.40,17.48,18.88,0
10-15-2008,17.81,20.00,17.58,18.65,0
10-16-2008,18.06,19.20,15.77,18.87,0
10-17-2008,18.43,19.26,17.12,17.35,0
10-20-2008,17.77,17.98,16.45,17.36,0
10-21-2008,17.16,19.11,17.13,18.01,0
10-22-2008,17.37,17.90,15.74,16.93,0
10-23-2008,16.67,17.22,15.02,16.76,0
10-24-2008,14.92,17.30,14.89,16.42,0
10-27-2008,16.43,17.83,16.31,16.76,0
10-28-2008,17.53,19.71,16.57,19.71,0
10-29-2008,19.13,19.25,17.35,17.56,0
10-30-2008,18.32,18.40,17.17,17.26,0
10-31-2008,17.38,19.77,17.34,19.36,0
11-03-2008,19.34,19.59,18.74,19.05,0
11-04-2008,19.65,20.27,19.20,20.16,0
11-05-2008,19.82,20.12,17.12,17.43,0
11-06-2008,16.01,16.98,14.57,15.19,0
11-07-2008,13.95,15.65,13.66,15.65,0
11-10-2008,15.90,15.97,14.35,14.82,0
11-11-2008,14.60,15.88,14.59,15.31,0
11-12-2008,14.96,15.85,14.13,14.13,0
11-13-2008,14.03,15.51,12.60,15.31,0
11-14-2008,14.47,15.85,14.01,14.90,0
11-17-2008,14.28,14.72,13.09,13.99,0
11-18-2008,14.12,14.44,12.38,13.49,0
11-19-2008,13.80,13.88,11.50,11.61,0
11-20-2008,11.31,12.57,9.78,10.21,0
11-21-2008,10.20,10.68,7.74,9.26,0
11-24-2008,9.87,12.46,9.68,12.34,0
11-25-2008,12.92,14.08,10.34,12.89,0
11-26-2008,12.13,14.12,11.71,14.00,0
11-28-2008,13.14,13.66,12.45,13.56,0
12-01-2008,12.22,12.22,8.01,8.46,0
12-02-2008,8.94,10.54,7.64,10.34,0
12-03-2008,9.56,12.52,9.47,12.19,0
12-04-2008,11.61,12.93,11.00,11.62,0
12-05-2008,11.12,13.48,10.70,13.43,0
12-08-2008,14.22,15.92,13.88,15.86,0
12-09-2008,15.58,16.08,14.16,14.25,0
12-10-2008,14.26,14.46,12.71,13.15,0
12-11-2008,12.22,12.43,10.18,10.33,0
12-12-2008,9.42,11.07,9.28,10.95,0
12-15-2008,11.16,11.20,9.98,10.42,0
12-16-2008,10.74,13.47,10.73,13.43,0
12-17-2008,12.96,14.06,12.69,13.60,0
12-18-2008,13.50,14.44,12.65,13.01,0
12-19-2008,13.55,13.62,12.26,12.96,0
12-22-2008,12.27,12.42,10.78,10.89,0
12-23-2008,11.42,11.53,10.63,10.63,0
12-24-2008,11.39,11.70,11.03,11.54,0
12-26-2008,10.67,10.90,10.33,10.62,0
12-29-2008,10.40,10.42,9.92,10.35,0
12-30-2008,9.97,10.78,9.81,10.78,0
12-31-2008,10.55,12.01,10.15,11.19,0
01-02-2009,11.17,12.21,10.75,11.83,0
01-05-2009,12.14,12.18,10.77,10.77,0
01-06-2009,11.06,11.18,9.94,10.14,0
01-07-2009,9.95,10.03,7.13,8.97,0
01-08-2009,8.55,9.13,8.35,8.84,0
01-09-2009,9.38,9.40,8.60,8.72,0
01-12-2009,8.89,9.00,7.55,7.76,0
01-13-2009,7.30,8.37,7.23,8.02,0
01-14-2009,8.75,9.03,8.21,8.51,0
01-15-2009,8.27,8.30,5.05,5.97,0
01-16-2009,6.16,6.53,3.07,4.41,0
01-20-2009,2.188,2.391,-0.210,0.124,0
01-21-2009,1.05,2.54,0.03,2.39,0
01-22-2009,1.53,1.98,0.75,1.33,0
01-23-2009,0.57,1.56,0.37,1.33,0
01-26-2009,1.82,2.38,1.20,1.23,0
01-27-2009,1.49,2.18,1.45,1.81,0
01-28-2009,4.15,6.13,3.66,5.92,0
01-29-2009,4.55,5.28,3.65,3.69,0
01-30-2009,5.00,5.33,4.21,4.64,0
02-02-2009,4.27,5.14,4.10,4.94,0
02-03-2009,5.74,5.81,3.95,4.83,0
02-04-2009,5.13,5.79,4.12,4.26,0
02-05-2009,4.24,4.38,2.12,3.45,0
02-06-2009,4.20,5.89,3.99,5.68,0
02-09-2009,5.89,6.26,5.41,5.81,0
02-10-2009,4.74,4.92,2.45,2.68,0
02-11-2009,3.69,4.37,3.36,4.31,0
02-12-2009,3.68,3.91,2.63,3.90,0
02-13-2009,2.86,2.91,2.20,2.37,0
02-17-2009,1.018,1.416,0.281,0.281,0
02-18-2009,2.17,2.23,0.29,1.11,0
02-19-2009,0.544,1.239,-0.259,-0.202,0
02-20-2009,-0.642,-0.369,-2.512,-0.774,0
02-23-2009,0.130,1.115,-0.864,-0.475,0
02-24-2009,-0.17,1.25,-0.37,1.20,0
02-25-2009,1.06,1.98,0.07,1.45,0
02-26-2009,2.35,2.73,1.72,2.20,0
02-27-2009,0.665,2.555,0.102,0.293,0
03-02-2009,-0.690,-0.317,-1.278,-0.805,0
03-03-2009,-0.213,0.027,-1.074,-0.884,0
03-04-2009,-0.14,-0.14,-2.11,-1.52,0
03-05-2009,-2.07,-2.03,-2.97,-2.71,0
03-06-2009,-2.27,-1.64,-2.86,-2.37,0
03-09-2009,-2.31,-0.61,-2.43,-1.21,0
03-10-2009,-0.285,0.352,-0.682,0.237,0
03-11-2009,0.876,1.133,-0.034,0.430,0
03-12-2009,-0.00,2.04,-0.15,1.99,0
03-13-2009,2.54,2.98,1.24,2.09,0
03-16-2009,2.75,3.44,2.15,2.16,0
03-17-2009,1.92,2.82,1.40,2.82,0
03-18-2009,2.52,4.93,2.33,4.86,0
03-19-2009,5.00,5.12,3.11,3.31,0
03-20-2009,3.11,3.18,1.92,1.95,0
03-23-2009,3.50,4.96,2.93,4.68,0
03-24-2009,4.47,5.28,3.54,3.60,0
03-25-2009,4.09,4.82,2.90,4.19,0
03-26-2009,4.28,4.32,3.14,3.54,0
03-27-2009,3.05,4.10,3.01,3.24,0
03-30-2009,2.79,3.14,1.69,1.69,0
03-31-2009,1.93,2.54,1.72,2.12,0
04-01-2009,2.12,3.13,2.07,2.75,0
04-02-2009,3.90,4.17,3.06,3.41,0
04-03-2009,3.11,4.08,2.91,4.08,0
04-06-2009,3.50,3.63,3.14,3.31,0
04-07-2009,2.90,3.43,2.70,2.98,0
04-08-2009,2.87,2.93,2.30,2.70,0
04-09-2009,6.58,6.67,4.57,6.39,0
04-13-2009,6.30,7.21,6.02,6.98,0
04-14-2009,6.21,6.42,5.19,5.38,0
04-15-2009,5.02,6.39,4.71,6.32,0
04-16-2009,6.73,7.01,5.90,6.56,0
04-17-2009,6.12,7.43,5.69,6.83,0
04-20-2009,5.76,5.99,4.11,4.13,0
04-21-2009,3.99,5.86,3.65,5.86,0
04-22-2009,5.35,7.29,5.30,5.32,0
04-23-2009,5.83,7.20,5.81,7.05,0
04-24-2009,7.40,8.51,6.92,8.04,0
04-27-2009,7.14,7.77,6.97,7.00,0
04-28-2009,6.22,6.84,6.14,6.31,0
04-29-2009,6.61,7.31,6.21,6.72,0
04-30-2009,7.27,8.59,6.88,6.98,0
05-01-2009,6.97,7.30,6.45,6.66,0
05-04-2009,7.22,10.38,7.08,10.38,0
05-05-2009,9.67,10.10,8.92,9.37,0
05-06-2009,10.46,12.39,10.37,12.39,0
05-07-2009,13.35,13.67,10.26,10.70,0
05-08-2009,10.33,13.77,10.17,13.77,0
05-11-2009,12.93,13.98,12.39,12.39,0
05-12-2009,12.54,12.83,10.51,11.68,0
05-13-2009,10.58,11.13,10.15,10.18,0
05-14-2009,10.34,11.54,10.03,11.54,0
05-15-2009,11.54,11.98,10.71,10.95,0
05-18-2009,11.78,12.55,11.16,12.53,0
05-19-2009,12.73,12.78,11.39,11.43,0
05-20-2009,11.77,12.01,10.46,10.61,0
05-21-2009,9.61,11.12,9.60,10.93,0
05-22-2009,10.97,11.07,10.33,10.33,0
05-26-2009,10.26,11.53,10.14,11.44,0
05-27-2009,11.64,11.69,10.15,10.18,0
05-28-2009,10.34,10.84,9.55,10.84,0
05-29-2009,10.90,11.49,10.35,11.49,0
06-01-2009,11.71,11.95,11.08,11.44,0
06-02-2009,10.88,10.97,10.28,10.51,0
06-03-2009,10.56,10.85,10.22,10.42,0
06-04-2009,10.64,11.23,10.13,11.23,0
06-05-2009,11.42,11.60,10.77,10.79,0
06-08-2009,10.62,11.45,10.53,11.27,0
06-09-2009,11.28,11.44,10.96,11.41,0
06-10-2009,11.73,11.77,10.76,11.03,0
06-11-2009,11.13,11.51,10.55,11.20,0
06-12-2009,10.73,11.21,10.61,11.20,0
06-15-2009,10.95,11.19,10.48,10.53,0
06-16-2009,10.19,10.86,10.19,10.27,0
06-17-2009,10.18,10.24,9.20,9.29,0
06-18-2009,9.52,10.27,8.31,10.08,0
06-19-2009,10.37,11.37,9.66,10.53,0
06-22-2009,10.25,10.59,9.17,9.20,0
06-23-2009,9.33,9.86,8.92,9.54,0
06-24-2009,9.91,10.17,9.64,9.90,0
06-25-2009,9.95,10.56,9.26,10.55,0
06-26-2009,10.54,10.83,10.34,10.65,0
06-29-2009,10.73,11.29,10.43,11.20,0
06-30-2009,10.91,11.34,10.68,10.75,0
07-01-2009,10.92,11.24,10.75,10.83,0
07-02-2009,10.13,10.26,9.57,9.59,0
07-06-2009,9.39,9.78,8.78,9.51,0
07-07-2009,9.65,10.22,9.52,9.80,0
07-08-2009,9.80,10.00,8.76,9.45,0
07-09-2009,9.98,10.29,9.48,10.04,0
07-10-2009,9.86,10.09,9.65,9.70,0
07-13-2009,10.20,11.38,10.15,11.38,0
07-14-2009,11.31,11.41,10.68,11.05,0
07-15-2009,11.31,11.94,11.26,11.79,0
07-16-2009,11.38,11.63,10.96,11.36,0
07-17-2009,11.22,11.44,10.82,11.16,0
07-20-2009,11.34,12.09,11.07,11.70,0
07-21-2009,12.00,12.10,11.19,11.65,0
07-22-2009,10.45,11.43,10.23,11.08,0
07-23-2009,10.94,11.08,10.64,10.84,0
07-24-2009,10.53,10.55,9.82,10.07,0
07-27-2009,10.18,10.85,10.07,10.76,0
07-28-2009,10.57,11.11,10.50,11.01,0
07-29-2009,10.78,11.17,10.67,10.85,0
07-30-2009,11.07,11.62,10.97,11.26,0
07-31-2009,11.36,11.39,10.98,11.00,0
08-03-2009,11.29,12.06,11.27,12.04,0
08-04-2009,11.98,13.06,11.59,12.70,0
08-05-2009,12.97,14.08,12.88,14.06,0
08-06-2009,14.50,14.86,13.59,14.01,0
08-07-2009,14.37,15.15,14.03,14.66,0
08-10-2009,14.44,14.85,14.15,14.56,0
08-11-2009,14.19,14.21,13.02,13.02,0
08-12-2009,12.97,13.62,12.89,13.35,0
08-13-2009,13.52,13.82,12.28,13.81,0
08-14-2009,13.82,14.06,13.41,13.76,0
08-17-2009,13.03,13.23,12.61,12.66,0
08-18-2009,12.73,12.90,12.45,12.56,0
08-19-2009,12.07,12.77,11.91,12.56,0
08-20-2009,12.85,13.69,12.84,13.50,0
08-21-2009,13.89,14.03,13.64,13.91,0
08-24-2009,14.19,14.50,13.39,13.49,0
08-25-2009,13.60,14.02,13.38,13.40,0
08-26-2009,13.25,13.74,13.15,13.65,0
08-27-2009,13.60,13.84,13.44,13.75,0
08-28-2009,14.03,14.03,13.37,13.44,0
08-31-2009,12.88,13.40,12.71,13.33,0
09-01-2009,13.36,13.71,12.09,12.42,0
09-02-2009,12.33,12.82,12.15,12.32,0
09-03-2009,12.57,13.06,12.56,13.05,0
09-04-2009,13.03,13.11,12.76,13.05,0
09-08-2009,13.29,13.35,12.78,13.09,0
09-09-2009,13.11,13.71,13.07,13.65,0
09-10-2009,13.23,13.61,13.07,13.53,0
09-11-2009,13.67,13.90,13.30,13.35,0
09-14-2009,13.09,13.77,13.03,13.71,0
09-15-2009,13.71,14.51,13.59,14.25,0
09-16-2009,14.41,15.06,14.07,14.94,0
09-17-2009,14.80,14.96,14.22,14.42,0
09-18-2009,14.67,14.67,13.97,14.18,0
09-21-2009,14.18,14.43,13.98,14.10,0
09-22-2009,14.30,15.06,14.04,14.93,0
09-23-2009,14.70,14.76,14.18,14.22,0
09-24-2009,13.93,14.18,13.12,13.56,0
09-25-2009,13.41,13.55,13.01,13.34,0
09-28-2009,13.57,14.06,13.32,14.06,0
09-29-2009,13.94,14.16,13.60,13.64,0
09-30-2009,13.65,13.86,13.20,13.44,0
10-01-2009,13.34,13.34,12.07,12.13,0
10-02-2009,12.17,12.71,12.12,12.37,0
10-05-2009,13.40,14.12,13.32,13.94,0
10-06-2009,13.72,14.31,13.69,13.98,0
10-07-2009,13.86,14.54,13.76,14.50,0
10-08-2009,14.69,14.92,14.49,14.60,0
10-09-2009,14.61,14.88,14.49,14.78,0
10-12-2009,15.00,15.86,14.67,15.64,0
10-13-2009,15.36,15.66,15.06,15.42,0
10-14-2009,15.96,16.56,15.70,16.49,0
10-15-2009,16.21,16.65,16.14,16.52,0
10-16-2009,15.75,15.79,15.12,15.28,0
10-19-2009,15.60,15.66,15.12,15.37,0
10-20-2009,15.15,15.69,15.04,15.54,0
10-21-2009,15.26,16.11,14.22,14.26,0
10-22-2009,14.25,15.49,14.10,15.40,0
10-23-2009,15.40,15.40,14.46,14.69,0
10-26-2009,14.77,14.79,13.91,14.06,0
10-27-2009,14.15,14.40,13.85,14.14,0
10-28-2009,13.99,14.02,13.30,13.35,0
10-29-2009,13.58,14.11,13.33,14.07,0
10-30-2009,13.87,14.01,13.05,13.19,0
11-02-2009,13.54,13.86,12.61,13.34,0
11-03-2009,12.86,13.62,12.77,13.37,0
11-04-2009,13.72,13.81,12.64,12.73,0
11-05-2009,12.80,13.06,12.37,13.02,0
11-06-2009,12.55,13.06,12.43,12.88,0
11-09-2009,13.28,14.03,12.97,14.03,0
11-10-2009,13.95,14.12,13.69,13.83,0
11-11-2009,13.44,14.07,13.34,13.79,0
11-12-2009,13.64,13.74,13.08,13.17,0
11-13-2009,12.96,13.03,12.38,12.64,0
11-16-2009,12.79,13.43,12.68,13.04,0
11-17-2009,12.98,13.23,12.81,13.13,0
11-18-2009,13.03,13.56,13.01,13.50,0
11-19-2009,13.18,13.21,12.80,12.95,0
11-20-2009,12.62,12.68,12.16,12.34,0
11-23-2009,12.63,12.74,12.35,12.50,0
11-24-2009,12.57,12.72,12.23,12.55,0
11-25-2009,12.76,12.86,12.46,12.61,0
11-27-2009,11.89,12.42,11.84,12.04,0
11-30-2009,12.25,12.93,12.23,12.88,0
12-01-2009,13.00,13.20,12.75,12.87,0
12-02-2009,12.72,12.80,12.22,12.36,0
12-03-2009,12.45,12.78,11.53,11.59,0
12-04-2009,11.91,12.25,11.53,11.86,0
12-07-2009,11.98,12.18,11.24,11.39,0
12-08-2009,11.10,11.49,11.04,11.14,0
12-09-2009,11.33,11.50,11.05,11.17,0
12-10-2009,11.35,11.42,10.58,10.64,0
12-11-2009,10.38,10.85,10.31,10.65,0
12-14-2009,10.73,11.16,10.47,10.81,0
12-15-2009,11.30,11.55,10.45,11.00,0
12-16-2009,11.52,11.62,11.08,11.31,0
12-17-2009,11.37,11.82,11.35,11.73,0
12-18-2009,12.03,12.55,11.86,12.37,0
12-21-2009,12.55,12.97,12.43,12.84,0
12-22-2009,12.77,12.80,12.27,12.68,0
12-23-2009,12.74,12.75,12.28,12.39,0
12-24-2009,12.48,12.63,12.41,12.59,0
12-28-2009,12.66,12.76,12.21,12.39,0
12-29-2009,12.46,12.59,12.31,12.42,0
12-30-2009,12.28,12.55,12.23,12.55,0
12-31-2009,12.49,12.91,12.45,12.70,0
01-04-2010,12.68,13.06,12.51,12.93,0
01-05-2010,12.82,13.63,12.80,13.49,0
01-06-2010,13.50,13.75,13.30,13.57,0
01-07-2010,13.53,14.62,13.36,14.37,0
01-08-2010,13.94,14.32,13.70,13.91,0
01-11-2010,14.26,14.32,13.83,14.02,0
01-12-2010,13.68,13.75,12.88,13.36,0
01-13-2010,13.47,14.11,13.31,13.96,0
01-14-2010,13.89,14.48,13.89,14.30,0
01-15-2010,14.06,14.13,13.28,13.45,0
01-19-2010,13.18,13.63,12.92,13.48,0
01-20-2010,13.07,13.60,12.81,12.91,0
01-21-2010,13.05,13.48,12.38,13.07,0
01-22-2010,13.12,13.49,12.46,12.53,0
01-25-2010,12.60,13.10,12.38,12.77,0
01-26-2010,12.78,13.53,12.34,12.40,0
01-27-2010,12.38,13.50,12.37,13.46,0
01-28-2010,13.15,13.56,12.68,13.29,0
01-29-2010,13.24,13.84,13.19,13.23,0
02-01-2010,13.51,13.92,13.43,13.78,0
02-02-2010,13.71,13.85,13.33,13.56,0
02-03-2010,13.57,13.75,13.08,13.21,0
02-04-2010,12.99,13.10,12.20,12.25,0
02-05-2010,12.43,12.77,11.86,12.53,0
02-08-2010,12.43,12.58,11.73,11.76,0
02-09-2010,12.14,12.35,11.71,11.99,0
02-10-2010,12.10,12.89,12.05,12.57,0
02-11-2010,12.39,12.46,12.02,12.33,0
02-12-2010,12.09,12.30,11.82,12.16,0
02-16-2010,12.64,12.81,12.44,12.81,0
02-17-2010,13.00,13.04,12.58,12.78,0
02-18-2010,12.64,12.87,12.53,12.68,0
02-19-2010,12.42,12.76,12.41,12.66,0
02-22-2010,12.68,13.24,12.60,13.12,0
02-23-2010,13.05,13.10,12.41,12.50,0
02-24-2010,12.37,12.63,12.14,12.54,0
02-25-2010,12.10,12.35,11.99,12.32,0
02-26-2010,12.69,12.70,12.22,12.56,0
03-01-2010,12.67,12.78,12.42,12.58,0
03-02-2010,12.74,13.41,12.71,13.13,0
03-03-2010,12.96,13.37,12.95,13.16,0
03-04-2010,13.33,13.52,13.22,13.40,0
03-05-2010,13.49,14.03,13.42,13.93,0
03-08-2010,13.83,14.02,13.57,13.63,0
03-09-2010,13.54,13.91,13.28,13.71,0
03-10-2010,13.92,14.50,13.89,14.29,0
03-11-2010,14.44,14.63,14.20,14.63,0
03-12-2010,14.73,14.82,14.44,14.56,0
03-15-2010,14.54,14.88,14.36,14.88,0
03-16-2010,14.82,15.15,14.66,15.11,0
03-17-2010,15.35,15.57,15.23,15.47,0
03-18-2010,15.26,15.34,14.75,15.11,0
03-19-2010,15.33,15.35,14.88,15.23,0
03-22-2010,15.04,15.46,15.01,15.31,0
03-23-2010,15.36,15.90,15.28,15.86,0
03-24-2010,15.60,15.97,15.46,15.62,0
03-25-2010,15.84,16.64,15.73,15.87,0
03-26-2010,16.10,16.56,15.92,16.10,0
03-29-2010,16.20,16.29,15.83,15.99,0
03-30-2010,16.04,16.21,15.79,15.82,0
03-31-2010,15.52,16.01,15.52,15.97,0
04-01-2010,16.10,16.27,15.88,16.08,0
04-05-2010,16.18,16.39,15.99,16.20,0
04-06-2010,16.07,16.93,16.06,16.84,0
04-07-2010,16.64,16.82,16.22,16.40,0
04-08-2010,16.24,16.75,16.04,16.60,0
04-09-2010,16.88,17.09,16.48,16.80,0
04-12-2010,16.88,17.13,16.77,16.90,0
04-13-2010,16.68,16.75,16.32,16.67,0
04-14-2010,16.94,17.74,16.85,17.62,0
04-15-2010,17.70,18.26,17.61,17.94,0
04-16-2010,17.61,17.65,16.32,17.07,0
04-19-2010,17.13,17.66,16.72,17.46,0
04-20-2010,17.67,18.26,17.51,18.09,0
04-21-2010,17.18,18.57,17.11,17.53,0
04-22-2010,17.24,18.09,17.13,17.98,0
04-23-2010,18.14,18.21,17.72,17.96,0
04-26-2010,17.99,18.07,17.35,17.46,0
04-27-2010,16.96,17.69,16.50,16.56,0
04-28-2010,16.97,17.45,16.89,17.29,0
04-29-2010,17.45,17.96,17.40,17.82,0
04-30-2010,17.84,18.32,17.62,17.73,0
05-03-2010,17.97,18.69,17.96,18.52,0
05-04-2010,18.04,18.51,17.47,17.65,0
05-05-2010,17.55,18.00,16.79,17.57,0
05-06-2010,17.48,17.74,14.87,16.43,0
05-07-2010,16.37,17.10,15.80,16.32,0
05-10-2010,17.42,18.11,17.34,18.02,0
05-11-2010,17.40,18.37,17.33,17.74,0
05-12-2010,17.96,18.49,17.86,18.36,0
05-13-2010,18.50,18.78,18.15,18.15,0
05-14-2010,17.80,17.90,16.96,17.20,0
05-17-2010,17.23,17.36,16.44,17.14,0
05-18-2010,17.26,17.31,15.64,15.84,0
05-19-2010,15.44,15.72,14.72,15.55,0
05-20-2010,14.55,15.02,13.89,13.93,0
05-21-2010,13.72,15.60,13.72,15.44,0
05-24-2010,14.45,14.60,13.59,13.74,0
05-25-2010,12.87,13.87,12.65,13.87,0
05-26-2010,14.21,14.30,12.93,13.21,0
05-27-2010,13.84,14.48,13.66,14.42,0
05-28-2010,14.30,14.32,13.52,13.64,0
06-01-2010,13.61,14.04,13.20,13.23,0
06-02-2010,13.67,14.20,13.47,14.18,0
06-03-2010,14.13,14.23,13.43,13.71,0
06-04-2010,13.49,13.63,12.96,13.07,0
06-07-2010,13.45,13.53,12.82,12.84,0
06-08-2010,13.05,13.34,12.38,13.30,0
06-09-2010,13.58,13.58,12.70,12.81,0
06-10-2010,13.22,13.81,13.12,13.73,0
06-11-2010,13.40,13.58,13.07,13.48,0
06-14-2010,13.45,13.59,13.04,13.12,0
06-15-2010,13.04,13.32,12.96,13.30,0
06-16-2010,13.38,13.79,13.31,13.69,0
06-17-2010,13.68,13.76,13.21,13.54,0
06-18-2010,13.68,13.84,13.43,13.71,0
06-21-2010,13.51,13.56,12.97,13.09,0
06-22-2010,13.55,13.80,13.05,13.08,0
06-23-2010,13.01,13.33,12.82,12.96,0
06-24-2010,12.64,12.68,11.99,12.48,0
06-25-2010,12.57,12.96,12.32,12.49,0
06-28-2010,12.90,12.98,12.55,12.72,0
06-29-2010,12.18,12.25,11.52,11.64,0
06-30-2010,11.94,12.28,11.50,11.57,0
07-01-2010,11.29,11.62,10.50,10.99,0
07-02-2010,11.21,11.44,10.67,10.77,0
07-06-2010,11.23,11.38,10.67,10.98,0
07-07-2010,11.30,12.51,11.18,12.45,0
07-08-2010,12.77,12.77,11.96,12.42,0
07-09-2010,12.20,12.65,12.12,12.62,0
07-12-2010,12.56,12.73,12.25,12.67,0
07-13-2010,12.81,13.41,12.77,13.29,0
07-14-2010,13.03,13.10,12.66,13.00,0
07-15-2010,12.78,13.04,12.08,12.74,0
07-16-2010,12.44,12.47,11.38,11.44,0
07-19-2010,11.68,11.79,11.14,11.48,0
07-20-2010,11.13,11.50,10.98,11.49,0
07-21-2010,12.51,12.57,11.21,11.28,0
07-22-2010,11.99,12.72,11.93,12.63,0
07-23-2010,12.56,12.75,12.29,12.64,0
07-26-2010,12.66,13.05,12.48,13.05,0
07-27-2010,13.26,13.56,13.11,13.24,0
07-28-2010,13.11,13.35,12.84,12.96,0
07-29-2010,13.36,13.50,12.66,12.83,0
07-30-2010,12.67,13.28,12.66,13.06,0
08-02-2010,13.53,13.77,13.24,13.76,0
08-03-2010,13.52,13.55,13.09,13.24,0
08-04-2010,13.33,13.39,12.93,13.12,0
08-05-2010,12.94,13.15,12.82,13.08,0
08-06-2010,12.52,12.75,12.31,12.74,0
08-09-2010,13.15,13.46,12.83,13.42,0
08-10-2010,13.37,13.48,13.01,13.23,0
08-11-2010,12.37,12.48,11.54,11.57,0
08-12-2010,11.32,11.65,11.21,11.32,0
08-13-2010,11.36,11.62,11.21,11.23,0
08-16-2010,10.79,11.00,10.67,10.80,0
08-17-2010,11.14,11.18,10.51,10.62,0
08-18-2010,10.80,11.11,10.63,10.87,0
08-19-2010,10.66,10.88,9.97,10.10,0
08-20-2010,10.28,10.52,10.15,10.42,0
08-23-2010,10.17,10.19,9.61,9.65,0
08-24-2010,9.84,9.92,9.49,9.57,0
08-25-2010,9.40,9.60,9.07,9.56,0
08-26-2010,9.37,9.68,9.10,9.17,0
08-27-2010,9.30,9.60,9.15,9.60,0
08-30-2010,9.41,9.45,8.82,8.84,0
08-31-2010,8.91,9.33,8.79,9.22,0
09-01-2010,9.11,9.82,8.99,9.74,0
09-02-2010,9.25,9.61,9.19,9.60,0
09-03-2010,10.42,10.73,10.28,10.49,0
09-07-2010,10.54,10.63,9.99,10.00,0
09-08-2010,9.81,10.12,9.81,9.97,0
09-09-2010,10.67,10.92,10.26,10.66,0
09-10-2010,10.48,10.60,10.35,10.42,0
09-13-2010,10.98,11.34,10.88,11.09,0
09-14-2010,10.95,10.98,10.61,10.75,0
09-15-2010,10.68,11.28,10.59,11.20,0
09-16-2010,11.05,11.15,10.83,10.97,0
09-17-2010,11.08,11.08,10.66,10.78,0
09-20-2010,10.85,11.31,10.70,11.24,0
09-21-2010,11.57,11.84,11.28,11.36,0
09-22-2010,11.48,11.57,10.93,11.01,0
09-23-2010,10.76,11.07,10.55,10.55,0
09-24-2010,10.98,11.21,10.87,11.09,0
09-27-2010,11.24,11.41,11.05,11.08,0
09-28-2010,10.87,11.11,10.48,10.68,0
09-29-2010,10.49,10.63,10.24,10.35,0
09-30-2010,10.66,10.99,10.48,10.56,0
10-01-2010,10.33,10.66,10.18,10.55,0
10-04-2010,10.87,11.10,10.62,10.76,0
10-05-2010,11.08,11.65,10.86,11.57,0
10-06-2010,11.53,11.76,11.46,11.60,0
10-07-2010,11.79,11.88,11.26,11.40,0
10-08-2010,11.36,11.41,10.97,11.16,0
10-11-2010,11.32,11.43,10.90,11.06,0
10-12-2010,10.93,11.43,10.81,11.38,0
10-13-2010,11.68,11.77,11.17,11.32,0
10-14-2010,10.75,10.79,9.71,10.14,0
10-15-2010,10.35,10.35,8.99,9.16,0
10-18-2010,9.36,10.35,9.32,10.35,0
10-19-2010,9.89,10.43,9.65,9.79,0
10-20-2010,9.76,11.18,9.67,10.87,0
10-21-2010,11.03,11.57,9.44,11.25,0
10-22-2010,11.25,11.43,11.01,11.32,0
10-25-2010,11.42,11.46,10.71,10.88,0
10-26-2010,10.73,11.06,10.63,10.99,0
10-27-2010,10.81,11.07,10.73,10.86,0
10-28-2010,11.01,11.11,10.82,11.09,0
10-29-2010,11.01,11.26,10.88,11.21,0
11-01-2010,10.96,11.02,10.60,10.88,0
11-02-2010,11.01,11.05,10.83,10.99,0
11-03-2010,10.98,11.62,10.94,11.58,0
11-04-2010,11.88,12.46,11.73,12.42,0
11-05-2010,12.42,13.93,12.41,13.81,0
11-08-2010,13.59,13.90,13.25,13.70,0
11-09-2010,13.82,13.88,12.99,13.06,0
11-10-2010,12.87,13.33,12.71,13.29,0
11-11-2010,13.04,13.22,12.72,12.90,0
11-12-2010,12.51,12.53,12.00,12.11,0
11-15-2010,12.21,12.70,12.17,12.23,0
11-16-2010,12.11,12.22,11.56,11.85,0
11-17-2010,11.42,11.63,11.06,11.15,0
11-18-2010,11.54,11.94,11.43,11.77,0
11-19-2010,11.91,12.02,11.63,11.97,0
11-22-2010,11.77,11.86,11.37,11.51,0
11-23-2010,11.25,11.51,11.16,11.39,0
11-24-2010,11.49,11.67,11.34,11.65,0
11-26-2010,11.94,12.13,11.71,11.71,0
11-29-2010,11.68,12.33,11.63,12.20,0
11-30-2010,11.94,12.40,11.91,12.21,0
12-01-2010,12.60,12.79,12.29,12.56,0
12-02-2010,12.59,13.56,12.56,13.56,0
12-03-2010,13.09,13.74,13.05,13.68,0
12-06-2010,13.51,13.72,13.40,13.42,0
12-07-2010,13.85,13.98,13.29,13.33,0
12-08-2010,13.47,14.16,13.43,14.16,0
12-09-2010,14.24,14.71,14.19,14.68,0
12-10-2010,14.89,15.09,14.75,14.85,0
12-13-2010,15.00,15.07,14.59,14.78,0
12-14-2010,14.62,14.80,14.23,14.36,0
12-15-2010,14.33,14.62,14.22,14.34,0
12-16-2010,14.11,14.54,13.99,14.26,0
12-17-2010,13.94,14.15,13.70,13.91,0
12-20-2010,14.23,14.45,14.09,14.29,0
12-21-2010,14.44,15.08,14.39,15.03,0
12-22-2010,15.03,15.64,15.01,15.39,0
12-23-2010,15.35,15.45,15.04,15.14,0
12-27-2010,15.19,15.55,15.08,15.44,0
12-28-2010,15.31,15.52,15.26,15.43,0
12-29-2010,15.44,15.48,15.23,15.26,0
12-30-2010,15.16,15.22,14.87,14.97,0
12-31-2010,14.76,15.02,14.71,14.98,0
01-03-2011,15.27,15.57,15.15,15.51,0
01-04-2011,15.59,15.84,15.46,15.59,0
01-05-2011,15.05,15.96,15.04,15.85,0
01-06-2011,15.74,16.01,15.72,15.74,0
01-07-2011,15.95,15.95,14.62,15.34,0
01-10-2011,15.19,15.43,15.02,15.22,0
01-11-2011,15.19,15.19,14.64,14.95,0
01-12-2011,15.38,15.73,15.29,15.62,0
01-13-2011,15.89,15.90,15.53,15.69,0
01-14-2011,15.27,16.10,15.27,16.05,0
01-18-2011,15.78,15.96,15.18,15.54,0
01-19-2011,15.42,16.02,15.08,15.21,0
01-20-2011,15.37,15.71,15.05,15.28,0
01-21-2011,15.60,15.97,15.41,15.80,0
01-24-2011,15.74,15.92,15.70,15.91,0
01-25-2011,15.68,15.84,15.24,15.83,0
01-26-2011,15.94,16.02,15.67,15.70,0
01-27-2011,15.40,15.69,15.28,15.64,0
01-28-2011,15.61,15.79,14.94,14.98,0
01-31-2011,14.92,15.35,14.71,15.28,0
02-01-2011,15.75,16.48,15.68,16.44,0
02-02-2011,15.84,15.94,15.45,15.48,0
02-03-2011,15.72,15.98,15.59,15.80,0
02-04-2011,15.76,15.92,15.48,15.80,0
02-07-2011,15.79,16.25,15.74,16.06,0
02-08-2011,15.74,16.55,15.67,16.42,0
02-09-2011,15.41,15.77,15.00,15.33,0
02-10-2011,15.19,15.49,14.92,15.13,0
02-11-2011,15.23,16.24,15.20,16.13,0
02-14-2011,16.05,16.41,16.02,16.25,0
02-15-2011,16.25,16.46,15.95,16.04,0
02-16-2011,16.30,16.36,15.27,15.96,0
02-17-2011,15.83,15.95,15.68,15.74,0
02-18-2011,15.82,15.87,15.26,15.51,0
02-22-2011,14.95,15.17,14.24,14.45,0
02-23-2011,14.53,14.75,14.01,14.60,0
02-24-2011,14.54,14.97,14.43,14.85,0
02-25-2011,15.97,16.30,15.89,16.02,0
02-28-2011,16.24,16.36,15.83,16.02,0
03-01-2011,16.08,16.18,15.46,15.50,0
03-02-2011,15.08,15.54,13.75,15.20,0
03-03-2011,15.96,16.45,15.95,16.35,0
03-04-2011,16.29,16.35,15.69,15.98,0
03-07-2011,16.36,16.51,15.87,15.97,0
03-08-2011,16.68,17.38,16.60,17.15,0
03-09-2011,17.78,18.20,17.58,18.05,0
03-10-2011,18.13,18.36,17.88,17.92,0
03-11-2011,17.69,18.13,17.68,18.04,0
03-14-2011,17.70,17.91,17.49,17.79,0
03-15-2011,17.29,18.02,17.08,17.98,0
03-16-2011,18.07,18.14,17.07,17.18,0
03-17-2011,17.38,17.44,16.55,17.16,0
03-18-2011,17.00,17.45,16.82,16.99,0
03-21-2011,16.87,16.87,16.21,16.56,0
03-22-2011,16.88,16.90,16.60,16.61,0
03-23-2011,16.39,16.46,15.95,16.40,0
03-24-2011,16.34,16.67,16.21,16.61,0
03-25-2011,16.63,17.23,16.53,17.00,0
03-28-2011,17.15,17.16,16.79,16.80,0
03-29-2011,16.73,16.73,16.44,16.71,0
03-30-2011,16.83,17.06,16.65,16.92,0
03-31-2011,16.43,16.58,16.36,16.51,0
04-01-2011,16.70,16.85,16.47,16.68,0
04-04-2011,16.15,16.27,15.75,16.00,0
04-05-2011,15.95,16.36,15.81,16.13,0
04-06-2011,16.26,16.60,16.05,16.50,0
04-07-2011,16.57,16.79,16.29,16.40,0
04-08-2011,16.59,16.62,15.80,15.85,0
04-11-2011,15.90,16.06,15.61,15.72,0
04-12-2011,15.41,15.85,15.29,15.61,0
04-13-2011,15.56,15.60,14.81,14.84,0
04-14-2011,14.87,14.91,14.50,14.54,0
04-15-2011,14.50,14.64,14.13,14.15,0
04-18-2011,13.81,14.13,13.69,13.83,0
04-19-2011,13.96,14.35,13.89,14.28,0
04-20-2011,13.60,13.73,12.71,13.23,0
04-21-2011,13.42,13.49,12.86,13.06,0
04-25-2011,13.19,13.44,13.15,13.24,0
04-26-2011,13.23,13.42,13.01,13.39,0
04-27-2011,13.39,13.76,13.32,13.67,0
04-28-2011,13.65,13.88,13.65,13.80,0
04-29-2011,13.57,13.75,13.38,13.49,0
05-02-2011,13.78,13.79,13.44,13.60,0
05-03-2011,13.35,13.89,13.32,13.87,0
05-04-2011,13.99,14.10,13.44,13.45,0
05-05-2011,13.30,13.38,12.50,12.81,0
05-06-2011,13.10,13.22,12.83,12.94,0
05-09-2011,12.77,13.10,12.75,12.88,0
05-10-2011,13.10,13.30,13.07,13.26,0
05-11-2011,13.00,13.13,12.63,12.74,0
05-12-2011,13.02,13.07,12.58,13.03,0
05-13-2011,12.84,12.95,12.48,12.55,0
05-16-2011,12.46,12.90,12.42,12.49,0
05-17-2011,12.42,13.25,12.40,13.24,0
05-18-2011,13.44,13.63,13.22,13.61,0
05-19-2011,13.60,13.66,13.13,13.26,0
05-20-2011,13.16,13.28,12.72,12.77,0
05-23-2011,12.44,12.73,12.38,12.39,0
05-24-2011,12.48,12.62,12.32,12.53,0
05-25-2011,12.31,12.72,12.31,12.42,0
05-26-2011,12.29,12.59,12.24,12.48,0
05-27-2011,12.59,13.22,12.57,12.93,0
05-31-2011,13.06,13.21,12.79,13.04,0
06-01-2011,12.58,12.58,11.36,11.38,0
06-02-2011,11.01,11.27,10.44,11.11,0
06-03-2011,10.42,10.98,10.37,10.58,0
06-06-2011,10.22,10.54,9.97,10.12,0
06-07-2011,10.39,10.59,9.83,9.89,0
06-08-2011,10.16,10.43,9.65,9.74,0
06-09-2011,9.61,10.35,9.49,10.23,0
06-10-2011,9.81,10.30,9.55,10.07,0
06-13-2011,10.71,11.04,10.53,10.93,0
06-14-2011,11.01,11.35,10.75,10.84,0
06-15-2011,10.47,10.58,9.98,10.37,0
06-16-2011,10.78,11.14,10.63,11.00,0
06-17-2011,11.56,11.80,11.49,11.68,0
06-20-2011,11.45,11.57,11.11,11.26,0
06-21-2011,11.40,11.76,11.24,11.67,0
06-22-2011,11.38,11.83,11.31,11.37,0
06-23-2011,10.84,11.12,10.57,10.95,0
06-24-2011,10.97,11.27,10.68,11.14,0
06-27-2011,11.23,11.66,11.23,11.45,0
06-28-2011,11.48,11.52,11.10,11.34,0
06-29-2011,11.68,11.87,11.36,11.82,0
06-30-2011,11.79,11.94,11.56,11.73,0
07-01-2011,11.53,12.10,11.43,12.03,0
07-05-2011,12.08,12.11,11.71,12.00,0
07-06-2011,11.22,11.40,10.94,11.35,0
07-07-2011,11.36,11.57,11.27,11.34,0
07-08-2011,11.35,11.45,11.17,11.37,0
07-11-2011,11.54,11.68,11.21,11.33,0
07-12-2011,11.11,11.58,11.10,11.14,0
07-13-2011,11.30,11.70,11.16,11.21,0
07-14-2011,11.74,11.84,11.36,11.40,0
07-15-2011,11.11,11.20,10.71,10.91,0
07-18-2011,10.78,10.97,10.22,10.66,0
07-19-2011,10.89,12.03,10.77,11.84,0
07-20-2011,12.07,12.59,12.06,12.18,0
07-21-2011,12.65,13.14,12.48,12.93,0
07-22-2011,12.92,12.95,12.57,12.70,0
07-25-2011,12.50,12.65,12.28,12.57,0
07-26-2011,12.56,12.83,12.38,12.58,0
07-27-2011,12.52,12.65,12.14,12.25,0
07-28-2011,12.55,12.80,12.16,12.24,0
07-29-2011,11.70,12.16,11.54,11.67,0
08-01-2011,12.05,12.11,11.29,11.68,0
08-02-2011,11.32,11.50,10.97,10.97,0
08-03-2011,11.21,11.48,10.96,11.39,0
08-04-2011,11.07,11.33,10.12,10.19,0
08-05-2011,10.25,10.46,9.20,9.46,0
08-08-2011,9.16,9.88,7.62,7.66,0
08-09-2011,8.35,8.78,6.91,8.72,0
08-10-2011,9.06,9.13,7.67,7.93,0
08-11-2011,7.88,9.17,7.80,8.80,0
08-12-2011,9.05,9.42,8.23,8.48,0
08-15-2011,9.05,9.47,9.03,9.44,0
08-16-2011,9.39,9.65,9.14,9.32,0
08-17-2011,9.62,9.93,9.40,9.63,0
08-18-2011,8.87,9.02,8.16,8.40,0
08-19-2011,8.35,8.83,8.05,8.33,0
08-22-2011,8.94,8.97,7.85,7.93,0
08-23-2011,8.14,8.91,7.80,8.91,0
08-24-2011,8.78,9.46,8.59,9.13,0
08-25-2011,9.97,10.41,9.11,9.46,0
08-26-2011,9.06,9.47,8.52,9.22,0
08-29-2011,9.37,9.83,9.36,9.80,0
08-30-2011,10.05,10.36,9.84,10.18,0
08-31-2011,10.19,10.62,10.03,10.53,0
09-01-2011,10.40,10.51,9.63,9.65,0
09-02-2011,8.94,9.08,8.59,8.72,0
09-06-2011,8.02,8.55,7.90,8.45,0
09-07-2011,8.75,9.24,8.47,9.19,0
09-08-2011,8.56,8.70,8.23,8.33,0
09-09-2011,8.52,8.71,7.99,8.06,0
09-12-2011,7.75,8.65,7.67,8.61,0
09-13-2011,8.84,9.32,8.69,8.86,0
09-14-2011,8.63,9.03,8.13,8.81,0
09-15-2011,9.09,9.26,8.82,9.23,0
09-16-2011,9.12,9.17,8.41,8.78,0
09-19-2011,8.53,8.72,8.28,8.52,0
09-20-2011,8.70,9.32,8.53,8.90,0
09-21-2011,9.05,9.35,8.11,8.12,0
09-22-2011,7.56,7.82,7.22,7.62,0
09-23-2011,7.53,8.35,7.51,8.17,0
09-26-2011,8.29,9.08,8.11,8.99,0
09-27-2011,9.25,9.77,8.69,8.89,0
09-28-2011,8.80,9.12,8.34,8.37,0
09-29-2011,8.94,9.10,8.11,8.86,0
09-30-2011,8.36,8.78,7.96,7.97,0
10-03-2011,8.41,8.79,7.66,7.67,0
10-04-2011,7.45,8.60,7.19,8.55,0
10-05-2011,7.87,8.37,7.44,8.19,0
10-06-2011,8.28,9.16,7.87,9.08,0
10-07-2011,9.18,9.19,8.36,8.36,0
10-10-2011,9.22,9.94,9.16,9.93,0
10-11-2011,9.50,9.84,9.29,9.61,0
10-12-2011,10.02,11.02,9.93,10.52,0
10-13-2011,9.98,9.98,9.20,9.59,0
10-14-2011,7.70,7.87,7.03,7.77,0
10-17-2011,7.42,7.56,6.62,6.73,0
10-18-2011,7.28,8.43,7.00,8.14,0
10-19-2011,8.12,8.45,7.53,7.60,0
10-20-2011,8.48,9.05,8.21,8.92,0
10-21-2011,9.49,9.83,9.34,9.68,0
10-24-2011,8.92,9.54,8.90,9.35,0
10-25-2011,8.62,8.62,7.96,8.07,0
10-26-2011,9.15,9.19,8.59,8.91,0
10-27-2011,9.98,10.44,9.45,10.07,0
10-28-2011,10.02,10.48,9.72,10.24,0
10-31-2011,9.63,9.88,9.22,9.24,0
11-01-2011,8.34,9.05,8.14,8.33,0
11-02-2011,8.77,9.05,8.60,8.95,0
11-03-2011,9.10,9.34,8.61,9.26,0
11-04-2011,9.09,9.32,8.82,9.00,0
11-07-2011,9.14,9.28,8.85,9.16,0
11-08-2011,9.08,10.01,9.07,9.93,0
11-09-2011,9.38,9.49,8.45,8.58,0
11-10-2011,8.81,8.99,8.49,8.69,0
11-11-2011,8.98,9.24,8.95,9.16,0
11-14-2011,9.07,9.11,8.58,8.71,0
11-15-2011,8.61,9.02,8.47,8.87,0
11-16-2011,8.87,9.32,8.68,8.78,0
11-17-2011,8.94,9.23,8.55,8.72,0
11-18-2011,9.08,9.35,8.97,9.03,0
11-21-2011,8.60,8.84,8.48,8.60,0
11-22-2011,7.74,8.01,7.55,7.57,0
11-23-2011,7.64,7.72,7.28,7.30,0
11-25-2011,7.81,8.19,7.78,7.98,0
11-28-2011,8.44,8.44,7.85,8.08,0
11-29-2011,8.08,8.28,7.82,7.98,0
11-30-2011,8.84,9.63,8.64,9.56,0
12-01-2011,9.52,9.73,9.27,9.54,0
12-02-2011,9.66,10.24,9.61,9.90,0
12-05-2011,10.20,10.64,10.03,10.47,0
12-06-2011,10.30,10.59,10.22,10.39,0
12-07-2011,10.51,11.15,10.42,11.02,0
12-08-2011,10.60,10.74,10.07,10.18,0
12-09-2011,10.42,11.00,10.38,10.91,0
12-12-2011,10.71,10.76,10.23,10.42,0
12-13-2011,10.64,10.67,9.72,10.00,0
12-14-2011,9.65,10.35,9.65,10.06,0
12-15-2011,10.79,10.94,10.30,10.34,0
12-16-2011,10.60,10.86,10.55,10.75,0
12-19-2011,10.80,10.86,9.99,10.10,0
12-20-2011,10.55,11.26,10.44,11.10,0
12-21-2011,11.15,11.43,10.85,11.43,0
12-22-2011,11.68,12.06,11.67,11.97,0
12-23-2011,12.26,12.74,12.24,12.58,0
12-27-2011,12.38,12.54,12.30,12.30,0
12-28-2011,12.73,12.84,12.30,12.32,0
12-29-2011,12.53,13.02,12.50,12.96,0
12-30-2011,12.67,12.79,12.60,12.61,0
01-03-2012,12.49,12.98,12.49,12.91,0
01-04-2012,13.15,13.45,12.90,13.34,0
01-05-2012,13.22,14.14,13.00,13.66,0
01-06-2012,13.34,13.54,13.01,13.42,0
01-09-2012,13.33,13.53,13.20,13.46,0
01-10-2012,14.02,14.07,13.54,13.73,0
01-11-2012,13.88,14.24,13.73,14.19,0
01-12-2012,14.41,14.56,13.96,14.27,0
01-13-2012,13.65,14.28,13.61,14.25,0
01-17-2012,14.50,15.12,14.24,14.38,0
01-18-2012,14.56,15.14,14.47,15.10,0
01-19-2012,15.49,15.56,15.18,15.31,0
01-20-2012,15.30,15.67,15.15,15.65,0
01-23-2012,15.59,16.01,15.50,15.91,0
01-24-2012,15.37,15.54,15.12,15.45,0
01-25-2012,15.52,15.60,15.21,15.42,0
01-26-2012,15.19,15.19,13.81,14.02,0
01-27-2012,13.94,14.68,13.85,14.56,0
01-30-2012,14.32,14.39,14.13,14.32,0
01-31-2012,14.66,14.66,14.22,14.41,0
02-01-2012,15.08,15.47,15.01,15.30,0
02-02-2012,15.31,15.42,15.07,15.25,0
02-03-2012,15.55,15.78,15.48,15.71,0
02-06-2012,15.64,15.73,15.36,15.46,0
02-07-2012,15.41,15.81,15.39,15.62,0
02-08-2012,15.45,15.73,15.30,15.73,0
02-09-2012,16.06,16.12,15.64,15.89,0
02-10-2012,16.05,16.23,15.96,16.11,0
02-13-2012,16.36,16.48,16.23,16.37,0
02-14-2012,16.27,16.45,16.01,16.35,0
02-15-2012,16.62,16.71,16.14,16.24,0
02-16-2012,16.31,16.49,16.05,16.41,0
02-17-2012,16.57,17.06,16.38,17.03,0
02-21-2012,17.17,17.45,16.89,17.01,0
02-22-2012,16.78,16.87,16.52,16.60,0
02-23-2012,16.29,16.31,15.97,16.29,0
02-24-2012,16.04,16.23,15.68,15.82,0
02-27-2012,15.74,16.66,15.68,16.57,0
02-28-2012,16.63,17.01,16.60,16.94,0
02-29-2012,17.06,17.47,16.89,16.95,0
03-01-2012,17.18,17.34,16.96,17.16,0
03-02-2012,17.10,17.17,16.74,16.79,0
03-05-2012,16.63,16.64,16.24,16.47,0
03-06-2012,16.26,16.31,15.82,15.92,0
03-07-2012,16.04,16.45,15.97,16.16,0
03-08-2012,16.62,17.16,16.49,17.08,0
03-09-2012,17.07,17.42,16.89,17.21,0
03-12-2012,17.13,17.17,16.68,17.05,0
03-13-2012,17.37,18.86,17.23,18.64,0
03-14-2012,18.78,18.85,18.13,18.78,0
03-15-2012,19.05,19.54,18.71,19.54,0
03-16-2012,19.69,19.69,19.26,19.48,0
03-19-2012,19.40,20.12,19.20,19.83,0
03-20-2012,19.72,20.10,19.45,19.94,0
03-21-2012,20.05,20.06,19.62,19.64,0
03-22-2012,19.12,19.41,18.92,19.03,0
03-23-2012,19.07,19.32,18.98,19.19,0
03-26-2012,19.63,20.04,19.44,20.04,0
03-27-2012,20.00,20.06,19.59,19.66,0
03-28-2012,19.75,20.24,19.75,20.24,0
03-29-2012,20.04,20.09,19.34,19.68,0
03-30-2012,19.67,19.67,19.31,19.64,0
04-02-2012,19.56,20.21,19.54,20.14,0
04-03-2012,19.97,20.13,19.77,20.08,0
04-04-2012,19.69,19.87,19.29,19.52,0
04-05-2012,19.32,19.53,19.19,19.28,0
04-09-2012,18.76,19.34,18.69,19.07,0
04-10-2012,19.13,19.38,18.68,18.74,0
04-11-2012,19.33,19.67,19.25,19.42,0
04-12-2012,19.45,19.85,19.31,19.74,0
04-13-2012,19.47,19.59,18.67,18.70,0
04-16-2012,18.96,19.19,18.52,18.93,0
04-17-2012,19.24,19.63,19.20,19.54,0
04-18-2012,19.33,19.57,19.21,19.42,0
04-19-2012,19.56,19.62,18.87,19.06,0
04-20-2012,19.21,19.29,18.93,19.01,0
04-23-2012,18.86,18.96,18.67,18.90,0
04-24-2012,19.04,19.34,18.99,19.27,0
04-25-2012,19.51,19.65,19.14,19.55,0
04-26-2012,19.37,19.84,19.29,19.83,0
04-27-2012,19.82,19.88,19.57,19.70,0
04-30-2012,19.70,19.72,19.15,19.42,0
05-01-2012,19.53,20.17,19.40,19.99,0
05-02-2012,19.74,19.82,19.38,19.63,0
05-03-2012,19.61,19.61,19.13,19.26,0
05-04-2012,19.13,19.29,18.72,18.95,0
05-07-2012,18.15,18.89,18.15,18.77,0
05-08-2012,18.94,19.30,18.70,18.95,0
05-09-2012,18.44,18.53,18.14,18.29,0
05-10-2012,18.78,19.03,18.51,18.76,0
05-11-2012,18.73,19.53,18.60,19.28,0
05-14-2012,19.00,19.06,18.57,18.60,0
05-15-2012,18.48,18.86,18.33,18.45,0
05-16-2012,18.61,18.85,18.21,18.21,0
05-17-2012,18.18,18.35,17.73,17.73,0
05-18-2012,17.99,18.09,17.29,17.54,0
05-21-2012,17.96,18.43,17.61,18.37,0
05-22-2012,20.29,21.06,20.13,20.39,0
05-23-2012,19.27,19.53,18.82,19.48,0
05-24-2012,20.30,20.33,19.88,20.27,0
05-25-2012,19.73,20.01,19.68,19.76,0
05-29-2012,19.44,19.58,19.32,19.57,0
05-30-2012,18.80,18.92,18.47,18.62,0
05-31-2012,18.43,18.94,18.10,18.68,0
06-01-2012,18.13,18.18,16.92,17.06,0
06-04-2012,17.39,17.39,16.88,17.09,0
06-05-2012,16.87,17.41,16.80,17.35,0
06-06-2012,17.61,17.79,17.27,17.79,0
06-07-2012,18.00,18.11,17.73,17.77,0
06-08-2012,17.94,18.14,17.56,18.14,0
06-11-2012,18.53,18.78,17.94,17.96,0
06-12-2012,18.07,18.30,17.40,18.23,0
06-13-2012,18.89,19.50,18.79,19.16,0
06-14-2012,19.12,19.64,19.02,19.45,0
06-15-2012,18.94,19.29,18.63,19.20,0
06-18-2012,19.12,19.46,19.01,19.23,0
06-19-2012,19.44,19.88,19.26,19.66,0
06-20-2012,19.74,19.86,19.14,19.56,0
06-21-2012,19.58,19.78,19.03,19.09,0
06-22-2012,19.58,19.94,19.48,19.70,0
06-25-2012,19.62,19.65,19.22,19.42,0
06-26-2012,19.59,19.74,19.38,19.61,0
06-27-2012,19.73,19.96,19.56,19.85,0
06-28-2012,19.73,19.85,19.30,19.79,0
06-29-2012,20.38,20.62,20.22,20.62,0
07-02-2012,20.87,20.92,20.48,20.77,0
07-03-2012,20.75,20.92,20.60,20.71,0
07-05-2012,20.55,20.64,20.32,20.44,0
07-06-2012,20.03,20.40,19.92,20.29,0
07-09-2012,20.30,20.76,20.30,20.49,0
07-10-2012,20.73,20.89,20.09,20.28,0
07-11-2012,20.13,20.58,20.06,20.49,0
07-12-2012,20.31,20.40,19.98,20.17,0
07-13-2012,20.05,21.12,20.00,21.08,0
07-16-2012,21.22,21.59,21.05,21.30,0
07-17-2012,21.42,21.47,20.91,21.36,0
07-18-2012,21.08,21.26,20.92,21.11,0
07-19-2012,20.34,20.60,20.27,20.44,0
07-20-2012,20.58,20.87,20.41,20.45,0
07-23-2012,19.88,20.30,19.80,20.07,0
07-24-2012,19.89,19.94,19.41,19.65,0
07-25-2012,20.03,20.07,19.71,19.85,0
07-26-2012,20.59,20.74,20.26,20.68,0
07-27-2012,21.05,21.49,21.03,21.28,0
07-30-2012,21.34,21.55,21.13,21.17,0
07-31-2012,21.12,21.28,21.04,21.11,0
08-01-2012,21.24,22.00,21.13,21.22,0
08-02-2012,20.84,20.88,20.16,20.59,0
08-03-2012,21.07,21.62,20.96,21.57,0
08-06-2012,21.69,21.79,21.30,21.31,0
08-07-2012,21.72,21.89,21.51,21.51,0
08-08-2012,21.43,21.70,21.30,21.59,0
08-09-2012,21.63,21.83,21.51,21.69,0
08-10-2012,21.60,21.92,21.57,21.82,0
08-13-2012,21.24,21.56,21.18,21.50,0
08-14-2012,21.84,21.94,21.64,21.71,0
08-15-2012,21.76,21.90,21.60,21.72,0
08-16-2012,21.85,21.92,21.56,21.86,0
08-17-2012,21.97,22.01,21.71,21.77,0
08-20-2012,21.97,22.12,21.93,22.01,0
08-21-2012,22.19,22.64,22.06,22.31,0
08-22-2012,22.26,22.38,22.07,22.13,0
08-23-2012,22.12,22.17,21.87,21.91,0
08-24-2012,21.82,22.18,21.79,22.03,0
08-27-2012,22.08,22.22,21.93,22.02,0
08-28-2012,21.80,22.13,21.80,21.99,0
08-29-2012,22.13,22.29,22.11,22.11,0
08-30-2012,22.05,22.14,21.93,21.99,0
08-31-2012,22.11,22.27,22.04,22.12,0
09-04-2012,22.42,22.50,22.15,22.21,0
09-05-2012,22.21,22.36,22.12,22.13,0
09-06-2012,22.34,23.18,22.34,23.09,0
09-07-2012,23.19,23.39,23.00,23.23,0
09-10-2012,23.20,23.26,22.96,22.96,0
09-11-2012,22.24,22.62,22.21,22.26,0
09-12-2012,22.36,22.49,22.28,22.39,0
09-13-2012,22.42,23.54,22.25,23.47,0
09-14-2012,23.59,24.45,23.55,24.05,0
09-17-2012,23.65,23.92,23.33,23.35,0
09-18-2012,23.36,23.57,23.21,23.45,0
09-19-2012,23.59,23.75,23.23,23.24,0
09-20-2012,23.10,23.27,22.94,23.24,0
09-21-2012,23.33,23.36,22.79,22.94,0
09-24-2012,22.94,23.33,22.90,23.22,0
09-25-2012,23.36,23.71,22.93,22.93,0
09-26-2012,23.13,23.14,22.70,22.81,0
09-27-2012,22.81,23.08,22.71,23.03,0
09-28-2012,22.78,22.99,22.66,22.71,0
10-01-2012,22.67,22.97,22.53,22.61,0
10-02-2012,22.72,22.75,22.47,22.71,0
10-03-2012,22.90,23.49,22.83,23.30,0
10-04-2012,23.74,24.07,23.60,24.05,0
10-05-2012,23.71,23.92,23.31,23.48,0
10-08-2012,23.04,23.26,22.99,23.14,0
10-09-2012,23.03,23.11,22.26,22.37,0
10-10-2012,23.09,23.31,22.99,23.19,0
10-11-2012,23.14,23.20,22.69,22.78,0
10-12-2012,21.38,21.88,21.21,21.74,0
10-15-2012,21.63,21.72,21.14,21.46,0
10-16-2012,21.63,21.66,21.11,21.31,0
10-17-2012,21.74,22.42,21.69,22.21,0
10-18-2012,21.99,22.23,21.85,21.99,0
10-19-2012,22.08,22.08,21.57,21.84,0
10-22-2012,21.77,21.98,21.65,21.94,0
10-23-2012,21.53,21.64,21.19,21.39,0
10-24-2012,21.82,22.01,21.43,21.54,0
10-25-2012,21.87,21.99,21.55,21.84,0
10-26-2012,21.62,21.82,21.48,21.71,0
10-31-2012,22.01,22.08,21.55,21.58,0
11-01-2012,21.63,21.90,21.49,21.90,0
11-02-2012,22.15,22.21,21.56,21.62,0
11-05-2012,21.32,21.76,21.30,21.72,0
11-06-2012,21.74,22.05,21.71,21.98,0
11-07-2012,21.79,21.79,20.96,21.05,0
11-08-2012,21.10,21.23,20.35,20.38,0
11-09-2012,20.53,20.85,20.46,20.55,0
11-12-2012,20.39,20.49,20.19,20.32,0
11-13-2012,20.35,20.77,20.29,20.31,0
11-14-2012,20.26,20.43,19.54,19.69,0
11-15-2012,19.78,20.15,19.72,19.85,0
11-16-2012,19.86,20.19,19.67,20.14,0
11-19-2012,20.68,20.79,20.39,20.61,0
11-20-2012,20.54,21.26,20.43,21.00,0
11-21-2012,21.08,21.12,20.65,20.76,0
11-23-2012,20.98,21.29,20.88,21.29,0
11-26-2012,21.29,21.31,20.96,21.18,0
11-27-2012,20.69,20.90,20.49,20.54,0
11-28-2012,20.09,20.44,19.81,20.41,0
11-29-2012,20.71,20.98,20.64,20.83,0
11-30-2012,20.81,20.91,20.58,20.72,0
12-03-2012,20.82,20.88,20.44,20.45,0
12-04-2012,20.51,20.52,20.14,20.43,0
12-05-2012,20.69,20.93,20.48,20.74,0
12-06-2012,20.55,20.80,20.41,20.69,0
12-07-2012,20.77,20.82,20.51,20.72,0
12-10-2012,19.72,19.91,19.64,19.66,0
12-11-2012,18.76,19.05,18.71,18.92,0
12-12-2012,19.19,19.62,19.13,19.25,0
12-13-2012,19.04,19.17,18.79,18.84,0
12-14-2012,18.68,18.74,18.48,18.60,0
12-17-2012,19.00,20.05,19.00,19.99,0
12-18-2012,20.26,20.73,20.11,20.53,0
12-19-2012,20.57,20.62,20.24,20.26,0
12-20-2012,19.84,20.36,19.84,20.36,0
12-21-2012,20.34,20.51,19.91,20.16,0
12-24-2012,20.08,20.60,20.01,20.10,0
12-26-2012,20.09,20.22,19.85,19.97,0
12-27-2012,19.72,19.82,19.14,19.60,0
12-28-2012,19.48,19.78,19.47,19.50,0
12-31-2012,19.56,20.01,19.54,19.95,0
01-02-2013,20.47,20.50,20.21,20.49,0
01-03-2013,20.51,20.57,20.19,20.32,0
01-04-2013,20.05,20.45,19.93,20.36,0
01-07-2013,20.41,20.47,20.03,20.29,0
01-08-2013,20.08,20.18,19.86,20.11,0
01-09-2013,19.96,20.22,19.79,19.84,0
01-10-2013,19.43,19.75,19.31,19.75,0
01-11-2013,19.36,19.58,19.01,19.51,0
01-14-2013,19.75,19.81,19.34,19.56,0
01-15-2013,20.03,20.53,20.01,20.45,0
01-16-2013,20.34,20.61,20.28,20.44,0
01-17-2013,20.53,20.55,20.30,20.39,0
01-18-2013,20.07,20.15,19.64,20.02,0
01-22-2013,19.89,20.11,19.81,20.10,0
01-23-2013,20.08,20.16,19.94,20.01,0
01-24-2013,19.72,20.07,19.57,19.81,0
01-25-2013,20.03,20.05,19.74,19.90,0
01-28-2013,19.74,19.78,19.43,19.66,0
01-29-2013,19.65,19.85,19.61,19.80,0
01-30-2013,19.57,19.62,19.34,19.55,0
01-31-2013,19.46,19.57,19.40,19.43,0
02-01-2013,19.68,19.85,19.59,19.74,0
02-04-2013,19.72,19.78,19.45,19.57,0
02-05-2013,19.65,19.77,19.55,19.55,0
02-06-2013,19.67,19.80,19.56,19.79,0
02-07-2013,19.92,19.93,19.58,19.68,0
02-08-2013,19.61,19.81,19.60,19.77,0
02-11-2013,19.74,20.12,19.71,20.01,0
02-12-2013,20.22,20.41,20.12,20.38,0
02-13-2013,20.58,20.64,20.14,20.29,0
02-14-2013,20.30,20.52,20.20,20.46,0
02-15-2013,20.49,20.60,20.30,20.42,0
02-19-2013,19.93,20.02,19.85,19.90,0
02-20-2013,20.11,20.31,20.08,20.12,0
02-21-2013,20.02,20.58,20.00,20.38,0
02-22-2013,20.50,20.72,20.34,20.72,0
02-25-2013,21.02,21.12,20.08,20.09,0
02-26-2013,20.31,20.33,19.82,20.02,0
02-27-2013,19.92,20.27,19.73,20.19,0
02-28-2013,20.24,20.51,20.20,20.25,0
03-01-2013,20.21,20.76,20.13,20.61,0
03-04-2013,20.31,20.75,20.27,20.73,0
03-05-2013,20.66,20.92,20.50,20.56,0
03-06-2013,20.95,20.99,20.71,20.91,0
03-07-2013,21.07,21.38,21.03,21.33,0
03-08-2013,21.36,21.51,21.17,21.41,0
03-11-2013,21.53,22.02,21.49,22.01,0
03-12-2013,21.98,22.05,21.57,21.60,0
03-13-2013,21.67,21.78,21.49,21.70,0
03-14-2013,21.85,21.93,21.72,21.87,0
03-15-2013,22.45,23.19,22.40,23.19,0
03-18-2013,22.89,23.07,22.82,22.95,0
03-19-2013,22.99,23.00,22.47,22.61,0
03-20-2013,22.84,23.01,22.57,22.65,0
03-21-2013,22.43,22.62,22.38,22.41,0
03-22-2013,22.63,22.72,22.48,22.56,0
03-25-2013,22.41,22.45,22.05,22.28,0
03-26-2013,22.42,22.44,22.10,22.30,0
03-27-2013,22.13,22.19,21.87,22.03,0
03-28-2013,22.07,22.08,21.90,22.04,0
04-01-2013,22.32,22.38,22.08,22.24,0
04-02-2013,22.16,22.22,21.94,22.03,0
04-03-2013,22.00,22.07,21.72,21.83,0
04-04-2013,22.09,22.71,22.07,22.66,0
04-05-2013,22.02,22.36,21.85,22.32,0
04-08-2013,22.28,22.28,21.85,22.20,0
04-09-2013,22.32,22.76,22.17,22.58,0
04-10-2013,22.62,22.89,22.31,22.64,0
04-11-2013,22.81,23.09,22.42,22.74,0
04-12-2013,22.03,22.46,21.74,22.27,0
04-15-2013,22.16,22.51,21.73,21.76,0
04-16-2013,22.11,22.44,22.02,22.29,0
04-17-2013,21.97,22.03,21.48,21.75,0
04-18-2013,21.88,21.92,21.53,21.60,0
04-19-2013,21.82,22.10,21.71,22.07,0
04-22-2013,22.12,22.17,21.76,22.05,0
04-23-2013,22.17,22.42,22.04,22.41,0
04-24-2013,22.41,22.63,22.36,22.54,0
04-25-2013,22.75,23.04,22.63,22.90,0
04-26-2013,22.88,23.16,22.79,23.16,0
04-29-2013,23.07,23.10,22.91,23.01,0
04-30-2013,23.16,23.23,22.79,23.18,0
05-01-2013,23.13,23.18,22.59,22.74,0
05-02-2013,22.69,22.81,22.57,22.60,0
05-03-2013,22.87,23.03,22.75,22.87,0
05-06-2013,22.87,22.99,22.77,22.91,0
05-07-2013,23.05,23.52,22.95,23.38,0
05-08-2013,23.61,24.07,23.53,23.88,0
05-09-2013,24.02,24.08,23.44,23.53,0
05-10-2013,23.50,23.60,23.30,23.49,0
05-13-2013,23.51,23.73,23.32,23.65,0
05-14-2013,23.55,24.02,23.51,23.99,0
05-15-2013,24.03,24.63,23.95,24.56,0
05-16-2013,24.58,24.98,24.41,24.56,0
05-17-2013,24.53,24.96,24.45,24.94,0
05-20-2013,24.88,25.22,24.83,25.14,0
05-21-2013,25.25,25.66,25.10,25.56,0
05-22-2013,25.59,25.93,24.94,25.04,0
05-23-2013,24.32,25.24,24.32,24.86,0
05-24-2013,24.63,25.32,24.61,25.27,0
05-28-2013,25.66,25.82,25.32,25.41,0
05-29-2013,24.90,25.38,24.77,25.25,0
05-30-2013,25.65,26.36,25.57,26.06,0
05-31-2013,27.16,27.24,26.53,26.53,0
06-03-2013,27.67,27.79,26.93,27.58,0
06-04-2013,28.08,28.41,27.75,27.76,0
06-05-2013,27.03,27.30,26.51,26.65,0
06-06-2013,26.33,27.27,26.24,27.23,0
06-07-2013,27.51,27.65,27.14,27.53,0
06-10-2013,27.92,28.09,27.63,27.72,0
06-11-2013,27.09,27.46,26.92,26.98,0
06-12-2013,27.09,27.24,26.50,26.63,0
06-13-2013,26.65,27.27,26.57,27.23,0
06-14-2013,27.04,27.23,26.38,26.44,0
06-17-2013,26.98,27.08,26.75,26.99,0
06-18-2013,27.09,27.31,27.01,27.20,0
06-19-2013,27.20,27.55,27.05,27.09,0
06-20-2013,26.63,26.96,26.36,26.46,0
06-21-2013,26.97,27.47,26.54,27.25,0
06-24-2013,26.93,26.95,25.97,26.33,0
06-25-2013,26.65,26.97,26.41,26.77,0
06-26-2013,27.15,27.66,27.15,27.41,0
06-27-2013,28.04,28.36,27.83,28.20,0
06-28-2013,28.21,28.26,27.75,27.95,0
07-01-2013,28.14,28.49,27.88,27.96,0
07-02-2013,27.67,28.01,27.50,27.69,0
07-03-2013,27.47,27.76,27.31,27.69,0
07-05-2013,27.86,28.40,27.83,28.40,0
07-08-2013,29.22,29.76,29.15,29.63,0
07-09-2013,29.67,29.78,29.03,29.45,0
07-10-2013,29.36,29.39,28.65,28.94,0
07-11-2013,29.24,29.28,28.33,28.73,0
07-12-2013,29.51,29.91,29.15,29.53,0
07-15-2013,29.63,29.97,29.62,29.96,0
07-16-2013,29.87,29.96,29.43,29.58,0
07-17-2013,29.66,30.26,29.63,29.93,0
07-18-2013,30.33,31.10,30.29,30.94,0
07-19-2013,30.82,31.12,30.56,30.85,0
07-22-2013,30.78,31.05,30.60,30.92,0
07-23-2013,31.02,31.14,30.89,30.95,0
07-24-2013,31.25,31.30,30.87,30.92,0
07-25-2013,30.59,30.59,29.89,30.09,0
07-26-2013,30.00,30.13,29.69,29.96,0
07-29-2013,29.82,29.90,29.65,29.68,0
07-30-2013,29.86,29.99,29.59,29.65,0
07-31-2013,29.53,30.19,29.53,29.71,0
08-01-2013,30.30,30.78,30.23,30.36,0
08-02-2013,30.33,30.60,30.16,30.55,0
08-05-2013,30.51,30.58,30.28,30.39,0
08-06-2013,30.71,30.75,30.44,30.49,0
08-07-2013,30.30,30.44,30.24,30.24,0
08-08-2013,30.39,30.44,29.93,30.13,0
08-09-2013,29.92,30.07,29.73,29.94,0
08-12-2013,29.77,30.11,29.59,29.90,0
08-13-2013,29.99,30.08,29.82,30.05,0
08-14-2013,30.31,30.38,30.00,30.00,0
08-15-2013,29.94,30.13,29.85,30.02,0
08-16-2013,29.49,29.94,29.46,29.56,0
08-19-2013,30.04,30.06,29.59,29.62,0
08-20-2013,29.47,29.65,29.19,29.58,0
08-21-2013,29.85,30.05,29.57,29.77,0
08-22-2013,29.64,29.83,29.43,29.70,0
08-23-2013,29.69,29.82,29.39,29.76,0
08-26-2013,29.76,29.87,29.46,29.48,0
08-27-2013,29.25,29.27,28.50,28.56,0
08-28-2013,28.87,29.31,28.77,29.01,0
08-29-2013,28.86,29.40,28.84,29.03,0
08-30-2013,28.90,28.94,28.50,28.64,0
09-03-2013,29.15,29.33,28.62,28.92,0
09-04-2013,28.87,29.22,28.77,29.00,0
09-05-2013,28.98,29.38,28.94,29.22,0
09-06-2013,29.31,29.32,28.59,28.79,0
09-09-2013,28.95,29.13,28.39,29.13,0
09-10-2013,29.31,29.61,29.11,29.60,0
09-11-2013,29.62,29.65,29.40,29.63,0
09-12-2013,29.75,29.87,29.34,29.51,0
09-13-2013,29.23,29.47,29.18,29.29,0
09-16-2013,29.83,30.10,29.78,29.94,0
09-17-2013,30.15,30.22,29.79,30.04,0
09-18-2013,29.85,30.76,29.80,30.30,0
09-19-2013,30.92,30.92,29.94,30.14,0
09-20-2013,29.69,29.81,29.28,29.59,0
09-23-2013,29.35,29.44,29.03,29.25,0
09-24-2013,29.14,29.35,28.81,28.84,0
09-25-2013,28.73,28.85,28.25,28.71,0
09-26-2013,28.78,29.03,28.33,28.50,0
09-27-2013,28.49,28.67,28.43,28.51,0
09-30-2013,28.13,28.56,27.99,28.36,0
10-01-2013,28.37,28.55,28.12,28.48,0
10-02-2013,28.22,28.27,28.04,28.27,0
10-03-2013,28.24,28.24,27.72,28.04,0
10-04-2013,28.04,28.31,27.97,28.31,0
10-07-2013,28.06,28.16,27.91,27.91,0
10-08-2013,27.88,28.08,27.58,27.60,0
10-09-2013,27.78,27.89,27.46,27.72,0
10-10-2013,28.15,28.61,27.68,28.58,0
10-11-2013,27.82,28.77,27.69,28.70,0
10-14-2013,28.31,28.99,28.28,28.86,0
10-15-2013,29.11,29.21,28.71,28.82,0
10-16-2013,29.06,29.70,28.92,29.33,0
10-17-2013,29.19,29.83,29.15,29.76,0
10-18-2013,29.63,29.83,29.33,29.60,0
10-21-2013,29.82,30.01,29.71,29.80,0
10-22-2013,29.86,30.13,29.70,30.03,0
10-23-2013,30.14,30.20,29.96,30.01,0
10-24-2013,30.09,30.14,29.75,29.88,0
10-25-2013,29.96,30.22,29.90,30.16,0
10-28-2013,30.07,30.22,29.84,30.07,0
10-29-2013,30.16,30.21,29.86,30.12,0
10-30-2013,30.32,30.58,30.24,30.31,0
10-31-2013,30.14,30.31,29.82,29.83,0
11-01-2013,29.81,30.09,29.68,29.76,0
11-04-2013,29.74,29.82,29.54,29.70,0
11-05-2013,29.88,30.01,29.73,29.84,0
11-06-2013,29.92,29.94,29.61,29.76,0
11-07-2013,29.96,29.99,29.19,29.19,0
11-08-2013,29.16,30.27,29.15,30.05,0
11-11-2013,30.07,30.22,29.84,30.12,0
11-12-2013,30.05,30.11,29.50,29.69,0
11-13-2013,29.52,30.09,29.20,30.06,0
11-14-2013,30.20,30.41,29.93,30.39,0
11-15-2013,30.27,30.86,30.25,30.77,0
11-18-2013,30.95,31.07,30.75,30.79,0
11-19-2013,30.81,31.08,30.68,30.85,0
11-20-2013,31.05,31.36,30.83,30.95,0
11-21-2013,31.04,31.56,31.02,31.29,0
11-22-2013,31.24,31.59,31.18,31.57,0
11-25-2013,31.82,32.03,31.74,31.82,0
11-26-2013,31.88,32.07,31.67,31.68,0
11-27-2013,31.79,31.79,31.42,31.60,0
11-29-2013,31.80,31.90,31.41,31.46,0
12-02-2013,31.46,31.79,31.45,31.53,0
12-03-2013,31.27,31.46,30.82,30.96,0
12-04-2013,30.82,31.42,30.76,31.13,0
12-05-2013,30.91,31.21,30.54,30.58,0
12-06-2013,30.94,31.41,30.72,31.33,0
12-09-2013,31.36,31.66,31.36,31.52,0
12-10-2013,31.35,31.55,31.20,31.25,0
12-11-2013,31.26,31.35,30.73,30.76,0
12-12-2013,30.68,30.87,30.59,30.62,0
12-13-2013,30.76,31.04,30.74,30.95,0
12-16-2013,31.02,31.17,30.87,31.03,0
12-17-2013,30.84,30.89,30.60,30.69,0
12-18-2013,31.18,32.15,30.89,32.03,0
12-19-2013,31.85,32.37,31.74,32.21,0
12-20-2013,32.13,32.22,31.86,32.01,0
12-23-2013,32.07,32.44,32.05,32.15,0
12-24-2013,32.17,32.36,32.11,32.29,0
12-26-2013,32.49,32.62,32.43,32.53,0
12-27-2013,32.55,32.59,32.37,32.47,0
12-30-2013,32.63,32.66,32.41,32.56,0
12-31-2013,32.12,32.15,31.79,32.01,0
01-02-2014,31.39,31.52,31.17,31.27,0
01-03-2014,31.04,31.48,31.03,31.36,0
01-06-2014,31.50,31.75,31.35,31.40,0
01-07-2014,31.75,31.75,31.23,31.39,0
01-08-2014,31.43,31.93,31.39,31.90,0
01-09-2014,31.84,32.04,31.68,32.01,0
01-10-2014,32.33,32.33,31.94,32.22,0
01-13-2014,32.43,32.56,31.97,32.07,0
01-14-2014,31.67,32.00,31.17,31.77,0
01-15-2014,32.19,32.91,32.03,32.60,0
01-16-2014,32.61,32.76,32.41,32.69,0
01-17-2014,32.53,32.61,32.23,32.45,0
01-21-2014,32.63,32.93,32.39,32.62,0
01-22-2014,32.85,32.93,32.63,32.78,0
01-23-2014,32.20,32.25,31.84,32.16,0
01-24-2014,32.26,32.37,31.76,31.76,0
01-27-2014,31.57,31.88,31.30,31.57,0
01-28-2014,31.79,32.20,31.67,31.95,0
01-29-2014,31.59,32.11,31.46,31.55,0
01-30-2014,31.73,32.04,31.65,31.91,0
01-31-2014,31.51,31.78,31.35,31.45,0
02-03-2014,31.43,31.71,30.54,30.64,0
02-04-2014,30.57,30.79,30.26,30.75,0
02-05-2014,31.05,31.08,30.67,30.72,0
02-06-2014,30.84,31.22,30.75,31.21,0
02-07-2014,31.31,31.63,31.12,31.60,0
02-10-2014,31.77,31.98,31.62,31.89,0
02-11-2014,31.72,32.21,31.64,32.10,0
02-12-2014,32.12,32.38,31.98,32.14,0
02-13-2014,31.92,32.38,31.81,32.30,0
02-14-2014,32.30,32.52,32.10,32.39,0
02-18-2014,32.56,32.60,32.36,32.42,0
02-19-2014,32.42,32.60,31.90,31.95,0
02-20-2014,31.77,32.19,31.64,31.99,0
02-21-2014,31.97,32.37,31.84,31.95,0
02-24-2014,31.92,32.55,31.89,32.23,0
02-25-2014,32.34,32.40,32.12,32.23,0
02-26-2014,32.64,32.71,32.15,32.37,0
02-27-2014,32.33,32.44,32.02,32.42,0
02-28-2014,32.45,32.95,32.37,32.74,0
03-03-2014,32.47,32.59,32.33,32.51,0
03-04-2014,32.97,33.05,32.71,32.99,0
03-05-2014,32.97,33.34,32.85,33.22,0
03-06-2014,33.49,33.68,33.38,33.53,0
03-07-2014,33.96,34.62,33.82,34.14,0
03-10-2014,34.09,34.43,33.80,34.32,0
03-11-2014,34.41,34.43,33.85,33.93,0
03-12-2014,33.83,34.22,33.70,34.21,0
03-13-2014,34.31,34.37,33.87,33.96,0
03-14-2014,33.76,34.19,33.47,33.59,0
03-17-2014,33.86,34.28,33.75,34.25,0
03-18-2014,34.28,34.54,34.24,34.49,0
03-19-2014,34.67,34.70,33.85,34.15,0
03-20-2014,34.05,35.55,34.05,35.25,0
03-21-2014,35.87,36.03,35.19,35.26,0
03-24-2014,35.72,35.73,35.12,35.27,0
03-25-2014,35.50,35.52,35.19,35.24,0
03-26-2014,35.39,35.40,34.73,34.76,0
03-27-2014,35.82,36.07,35.04,35.45,0
03-28-2014,35.37,35.80,35.29,35.51,0
03-31-2014,36.21,36.36,35.95,36.21,0
04-01-2014,36.21,36.26,35.87,36.11,0
04-02-2014,36.13,36.23,35.90,36.12,0
04-03-2014,36.07,36.14,35.84,36.09,0
04-04-2014,36.29,36.68,35.84,35.84,0
04-07-2014,35.71,35.79,34.87,34.88,0
04-08-2014,34.88,35.19,34.68,35.03,0
04-09-2014,35.33,35.36,34.92,35.36,0
04-10-2014,35.64,35.64,34.27,34.27,0
04-11-2014,33.96,35.25,33.30,34.53,0
04-14-2014,34.80,35.08,33.95,34.56,0
04-15-2014,34.71,35.26,34.49,35.17,0
04-16-2014,35.24,35.39,34.85,35.27,0
04-17-2014,35.20,35.44,35.00,35.12,0
04-21-2014,35.26,35.48,35.15,35.29,0
04-22-2014,35.19,35.60,35.07,35.36,0
04-23-2014,35.37,35.79,35.37,35.72,0
04-24-2014,35.78,35.78,35.26,35.40,0
04-25-2014,35.46,35.62,35.22,35.26,0
04-28-2014,35.46,35.51,34.79,35.16,0
04-29-2014,35.37,35.59,35.24,35.55,0
04-30-2014,35.59,35.86,35.52,35.76,0
05-01-2014,35.76,35.85,35.49,35.66,0
05-02-2014,35.78,36.00,35.54,35.61,0
05-05-2014,35.34,35.66,35.18,35.59,0
05-06-2014,35.34,35.38,35.05,35.07,0
05-07-2014,35.35,35.75,35.24,35.71,0
05-08-2014,35.62,35.75,35.49,35.60,0
05-09-2014,35.55,35.60,35.22,35.38,0
05-12-2014,35.70,36.13,35.65,36.05,0
05-13-2014,36.15,36.31,36.02,36.17,0
05-14-2014,36.09,36.09,35.48,35.57,0
05-15-2014,35.65,35.78,35.24,35.58,0
05-16-2014,35.52,35.63,35.26,35.58,0
05-19-2014,35.31,35.95,35.29,35.90,0
05-20-2014,35.78,35.87,35.34,35.42,0
05-21-2014,35.68,36.25,35.66,36.12,0
05-22-2014,36.05,36.38,35.98,36.34,0
05-23-2014,36.26,36.56,36.14,36.49,0
05-27-2014,36.64,37.00,36.55,36.87,0
05-28-2014,36.90,37.05,36.70,36.82,0
05-29-2014,36.83,36.83,36.41,36.52,0
05-30-2014,36.61,37.06,36.61,37.03,0
06-02-2014,37.19,37.40,37.13,37.33,0
06-03-2014,37.14,37.39,37.02,37.33,0
06-04-2014,37.33,37.44,37.21,37.41,0
06-05-2014,37.28,37.83,37.19,37.75,0
06-06-2014,37.73,38.06,37.68,38.02,0
06-09-2014,38.05,38.66,38.03,38.60,0
06-10-2014,38.47,38.68,38.28,38.65,0
06-11-2014,38.43,38.56,38.16,38.33,0
06-12-2014,38.25,38.39,37.82,37.87,0
06-13-2014,38.04,38.21,37.90,38.05,0
06-16-2014,38.09,38.10,37.23,37.37,0
06-17-2014,37.31,37.97,37.27,37.89,0
06-18-2014,37.86,38.27,37.71,38.17,0
06-19-2014,38.14,38.32,38.07,38.16,0
06-20-2014,38.56,39.05,38.46,39.03,0
06-23-2014,38.78,39.10,38.62,39.03,0
06-24-2014,38.94,38.99,38.47,38.53,0
06-25-2014,38.38,38.79,38.18,38.66,0
06-26-2014,38.79,38.83,38.23,38.56,0
06-27-2014,38.43,39.04,38.35,39.04,0
06-30-2014,39.00,39.02,38.69,38.84,0
07-01-2014,38.77,38.97,38.67,38.76,0
07-02-2014,38.97,39.04,38.78,38.88,0
07-03-2014,39.09,39.26,39.03,39.19,0
07-07-2014,39.10,39.17,38.69,38.73,0
07-08-2014,38.54,38.68,38.36,38.50,0
07-09-2014,38.51,38.51,38.16,38.41,0
07-10-2014,38.04,38.20,37.81,38.07,0
07-11-2014,37.49,37.98,37.20,37.81,0
07-14-2014,37.73,38.12,37.48,37.64,0
07-15-2014,37.79,37.92,37.50,37.64,0
07-16-2014,37.81,37.88,37.33,37.44,0
07-17-2014,37.45,37.49,37.02,37.09,0
07-18-2014,37.30,37.65,37.14,37.58,0
07-21-2014,37.38,37.51,37.24,37.42,0
07-22-2014,37.78,38.03,37.64,37.91,0
07-23-2014,37.79,37.96,37.64,37.70,0
07-24-2014,37.79,37.98,37.76,37.91,0
07-25-2014,37.88,38.14,37.88,37.98,0
07-28-2014,37.76,38.12,37.63,38.02,0
07-29-2014,38.07,38.52,37.91,37.97,0
07-30-2014,38.05,38.57,38.02,38.39,0
07-31-2014,38.40,38.42,37.52,37.53,0
08-01-2014,37.06,37.62,36.82,36.92,0
08-04-2014,37.02,37.45,36.99,37.42,0
08-05-2014,37.28,37.46,36.85,36.98,0
08-06-2014,36.68,37.28,36.65,36.86,0
08-07-2014,37.07,37.13,36.39,36.49,0
08-08-2014,36.53,36.81,36.29,36.78,0
08-11-2014,36.96,37.11,36.68,36.78,0
08-12-2014,36.66,37.03,36.55,36.58,0
08-13-2014,36.79,36.88,36.62,36.77,0
08-14-2014,36.90,37.25,36.85,37.15,0
08-15-2014,37.19,37.30,36.61,36.93,0
08-18-2014,37.17,37.40,37.10,37.37,0
08-19-2014,37.42,37.71,37.40,37.50,0
08-20-2014,37.46,37.60,37.32,37.51,0
08-21-2014,37.62,37.99,37.53,37.89,0
08-22-2014,37.92,38.15,37.73,37.78,0
08-25-2014,38.11,38.36,38.05,38.08,0
08-26-2014,38.08,38.19,37.99,38.08,0
08-27-2014,38.19,38.23,37.83,37.90,0
08-28-2014,37.78,37.85,37.59,37.73,0
08-29-2014,37.79,37.98,37.72,37.96,0
09-02-2014,38.27,38.27,37.84,38.14,0
09-03-2014,38.38,38.63,38.05,38.19,0
09-04-2014,38.10,38.50,38.02,38.17,0
09-05-2014,38.00,38.25,37.80,38.25,0
09-08-2014,38.09,38.32,37.96,38.08,0
09-09-2014,37.91,38.03,37.70,37.77,0
09-10-2014,37.64,38.13,37.62,38.04,0
09-11-2014,37.89,38.19,37.82,38.06,0
09-12-2014,38.06,38.39,37.91,38.08,0
09-15-2014,38.11,38.51,38.04,38.30,0
09-16-2014,38.16,38.80,38.16,38.64,0
09-17-2014,38.49,38.91,38.29,38.60,0
09-18-2014,39.00,39.68,39.00,39.56,0
09-19-2014,39.59,39.77,39.23,39.37,0
09-22-2014,39.09,39.31,38.68,38.76,0
09-23-2014,38.46,38.63,37.76,37.77,0
09-24-2014,37.97,38.03,37.66,37.89,0
09-25-2014,37.31,37.38,36.68,36.68,0
09-26-2014,36.36,36.80,36.27,36.75,0
09-29-2014,37.42,37.65,37.15,37.44,0
09-30-2014,37.38,37.72,37.29,37.44,0
10-01-2014,37.43,37.54,36.85,36.90,0
10-02-2014,36.75,37.04,36.47,36.94,0
10-03-2014,37.40,37.78,37.21,37.69,0
10-06-2014,37.86,38.04,37.61,37.65,0
10-07-2014,37.57,37.57,36.86,36.88,0
10-08-2014,36.91,37.77,36.76,37.74,0
10-09-2014,37.72,37.86,36.78,36.86,0
10-10-2014,36.66,37.33,36.29,36.32,0
10-13-2014,36.44,36.78,36.02,36.07,0
10-14-2014,35.68,36.01,34.49,35.06,0
10-15-2014,34.62,34.97,33.07,34.36,0
10-16-2014,33.75,35.12,33.63,34.62,0
10-17-2014,34.80,35.29,34.72,34.98,0
10-20-2014,34.97,35.49,34.91,35.43,0
10-21-2014,35.59,36.46,35.54,36.35,0
10-22-2014,36.62,36.78,36.27,36.30,0
10-23-2014,36.79,36.99,36.54,36.64,0
10-24-2014,36.57,37.18,36.54,37.14,0
10-27-2014,37.24,37.28,36.96,37.24,0
10-28-2014,37.11,37.32,36.87,37.31,0
10-29-2014,37.57,37.97,37.43,37.88,0
10-30-2014,37.63,38.19,37.55,38.04,0
10-31-2014,38.67,38.79,38.44,38.72,0
11-03-2014,38.99,39.34,38.87,39.13,0
11-04-2014,39.36,39.46,38.92,39.25,0
11-05-2014,39.71,39.82,39.43,39.80,0
11-06-2014,39.56,40.08,39.49,40.03,0
11-07-2014,40.21,40.25,39.69,39.87,0
11-10-2014,39.69,39.97,39.63,39.83,0
11-11-2014,39.87,40.07,39.55,39.59,0
11-12-2014,39.34,39.68,39.25,39.56,0
11-13-2014,39.61,39.70,39.19,39.44,0
11-14-2014,39.41,39.68,39.26,39.37,0
11-17-2014,39.25,39.61,39.04,39.57,0
11-18-2014,39.20,39.57,39.14,39.36,0
11-19-2014,39.22,39.36,38.91,39.31,0
11-20-2014,39.19,39.56,39.11,39.48,0
11-21-2014,39.73,39.82,39.46,39.56,0
11-24-2014,39.79,40.07,39.67,39.82,0
11-25-2014,40.10,40.14,39.70,39.77,0
11-26-2014,40.07,40.28,39.86,40.15,0
11-28-2014,40.38,40.77,40.33,40.53,0
12-01-2014,40.47,40.63,39.81,39.92,0
12-02-2014,40.01,40.65,40.01,40.45,0
12-03-2014,40.45,40.86,40.38,40.65,0
12-04-2014,40.59,40.88,40.45,40.75,0
12-05-2014,41.39,41.82,41.36,41.52,0
12-08-2014,41.68,41.86,41.35,41.51,0
12-09-2014,41.26,41.82,41.04,41.76,0
12-10-2014,41.87,42.20,41.39,41.44,0
12-11-2014,41.94,42.49,41.74,41.80,0
12-12-2014,41.11,41.80,40.92,40.96,0
12-15-2014,41.47,41.84,40.69,40.71,0
12-16-2014,40.09,40.97,40.01,40.05,0
12-17-2014,40.12,40.86,40.02,40.81,0
12-18-2014,41.54,42.26,41.48,42.26,0
12-19-2014,42.06,42.54,41.65,41.65,0
12-22-2014,41.34,41.81,41.23,41.81,0
12-23-2014,42.08,42.60,42.06,42.44,0
12-24-2014,42.71,42.81,42.42,42.44,0
12-26-2014,42.43,42.55,42.29,42.30,0
12-29-2014,42.38,43.18,42.38,42.96,0
12-30-2014,42.93,43.14,42.82,42.83,0
12-31-2014,42.92,43.08,42.29,42.29,0
01-02-2015,42.11,42.18,41.26,41.73,0
01-05-2015,41.04,41.25,40.08,40.17,0
01-06-2015,39.86,39.97,38.47,38.69,0
01-07-2015,39.62,39.63,39.14,39.40,0
01-08-2015,39.50,40.04,39.46,40.02,0
01-09-2015,39.91,39.95,39.10,39.11,0
01-12-2015,39.18,39.28,38.38,38.69,0
01-13-2015,38.95,39.16,37.98,38.54,0
01-14-2015,37.68,38.36,37.15,37.91,0
01-15-2015,37.37,37.67,36.67,36.91,0
01-16-2015,36.93,38.01,36.91,37.95,0
01-20-2015,38.82,39.11,38.56,38.84,0
01-21-2015,38.76,39.41,38.50,38.86,0
01-22-2015,39.18,40.41,39.17,40.36,0
01-23-2015,40.46,40.69,40.00,40.02,0
01-26-2015,39.93,40.56,39.91,40.54,0
01-27-2015,39.90,40.28,39.57,39.94,0
01-28-2015,40.45,40.49,39.37,39.38,0
01-29-2015,39.55,40.16,39.23,40.03,0
01-30-2015,38.64,39.17,38.36,38.38,0
02-02-2015,38.62,39.29,38.43,39.19,0
02-03-2015,39.52,39.99,39.48,39.92,0
02-04-2015,39.73,40.17,39.61,39.73,0
02-05-2015,40.04,40.60,40.03,40.44,0
02-06-2015,40.96,41.86,40.69,41.27,0
02-09-2015,41.17,41.34,40.99,41.12,0
02-10-2015,41.51,41.59,41.14,41.46,0
02-11-2015,41.00,41.18,40.63,40.85,0
02-12-2015,41.11,41.77,40.90,41.73,0
02-13-2015,42.03,42.57,41.87,42.36,0
02-17-2015,42.41,42.55,42.07,42.47,0
02-18-2015,42.22,42.33,41.58,41.69,0
02-19-2015,41.59,41.97,41.33,41.73,0
02-20-2015,41.59,42.09,41.24,41.98,0
02-23-2015,42.19,42.59,41.81,42.58,0
02-24-2015,42.52,42.84,42.36,42.69,0
02-25-2015,42.83,43.01,42.69,42.77,0
02-26-2015,42.45,42.57,42.20,42.38,0
02-27-2015,42.32,42.75,42.30,42.30,0
03-02-2015,42.30,43.01,42.23,43.00,0
03-03-2015,43.07,43.19,42.78,43.07,0
03-04-2015,42.69,42.72,42.22,42.36,0
03-05-2015,42.55,42.61,42.28,42.45,0
03-06-2015,42.66,43.14,42.23,42.30,0
03-09-2015,42.59,42.80,42.45,42.48,0
03-10-2015,41.90,41.91,41.09,41.09,0
03-11-2015,41.69,41.80,41.44,41.53,0
03-12-2015,42.35,43.39,42.05,43.34,0
03-13-2015,43.19,43.34,42.75,43.05,0
03-16-2015,43.36,43.65,43.20,43.57,0
03-17-2015,43.36,43.80,43.13,43.74,0
03-18-2015,43.42,43.98,43.25,43.88,0
03-19-2015,43.54,43.57,42.88,43.14,0
03-20-2015,43.33,43.97,43.32,43.78,0
03-23-2015,43.67,43.91,43.39,43.44,0
03-24-2015,43.46,43.62,43.14,43.14,0
03-25-2015,42.48,42.58,41.81,41.81,0
03-26-2015,41.64,42.01,41.28,41.78,0
03-27-2015,41.71,41.76,41.17,41.32,0
03-30-2015,41.71,42.30,41.71,42.07,0
03-31-2015,42.00,42.20,41.74,41.93,0
04-01-2015,41.78,41.78,41.19,41.34,0
04-02-2015,41.21,41.70,41.09,41.60,0
04-06-2015,40.84,41.36,40.60,41.09,0
04-07-2015,41.40,41.50,41.12,41.16,0
04-08-2015,41.12,41.48,40.98,41.14,0
04-09-2015,41.20,41.41,40.89,41.32,0
04-10-2015,41.45,41.59,41.19,41.44,0
04-13-2015,41.82,42.19,41.77,42.06,0
04-14-2015,40.88,41.39,40.55,41.13,0
04-15-2015,41.53,42.03,41.36,41.93,0
04-16-2015,41.84,42.35,41.67,42.10,0
04-17-2015,41.55,41.69,41.15,41.22,0
04-20-2015,41.46,41.76,41.30,41.48,0
04-21-2015,41.44,41.72,41.11,41.19,0
04-22-2015,44.17,44.73,44.03,44.50,0
04-23-2015,44.41,45.07,44.41,44.83,0
04-24-2015,44.67,44.82,44.53,44.61,0
04-27-2015,44.51,45.17,44.43,44.67,0
04-28-2015,44.73,45.21,44.69,45.19,0
04-29-2015,45.00,45.55,44.91,45.27,0
04-30-2015,45.60,45.60,44.79,45.09,0
05-01-2015,45.28,45.58,45.00,45.22,0
05-04-2015,45.19,45.66,45.18,45.62,0
05-05-2015,45.74,46.18,45.62,45.73,0
05-06-2015,45.86,46.02,44.94,45.38,0
05-07-2015,45.46,45.67,45.13,45.32,0
05-08-2015,45.62,46.44,45.54,46.44,0
05-11-2015,46.58,46.62,46.13,46.20,0
05-12-2015,46.18,46.49,45.89,46.33,0
05-13-2015,46.28,46.61,46.18,46.40,0
05-14-2015,46.74,46.91,46.52,46.82,0
05-15-2015,46.82,46.82,46.13,46.33,0
05-18-2015,46.48,46.86,46.45,46.64,0
05-19-2015,46.93,47.68,46.92,47.40,0
05-20-2015,47.32,47.37,46.96,47.10,0
05-21-2015,46.99,47.24,46.92,47.08,0
05-22-2015,46.96,47.14,46.91,46.92,0
05-26-2015,47.24,47.26,46.76,46.95,0
05-27-2015,47.19,47.55,46.99,47.33,0
05-28-2015,47.36,47.53,47.15,47.45,0
05-29-2015,47.63,47.64,47.09,47.36,0
06-01-2015,47.61,47.84,47.20,47.42,0
06-02-2015,47.05,47.47,46.80,47.21,0
06-03-2015,47.63,48.42,47.63,48.15,0
06-04-2015,47.77,48.11,47.21,47.40,0
06-05-2015,48.30,48.47,47.70,47.89,0
06-08-2015,48.25,48.25,47.49,47.49,0
06-09-2015,47.64,48.29,47.42,48.08,0
06-10-2015,48.60,49.15,48.53,48.82,0
06-11-2015,48.65,48.94,48.48,48.65,0
06-12-2015,48.43,48.58,48.07,48.39,0
06-15-2015,47.96,48.36,47.80,48.27,0
06-16-2015,48.14,48.50,48.03,48.49,0
06-17-2015,48.49,48.72,48.29,48.36,0
06-18-2015,48.55,49.07,48.46,48.94,0
06-19-2015,48.60,48.74,48.26,48.26,0
06-22-2015,48.94,49.37,48.90,49.25,0
06-23-2015,49.34,49.58,49.11,49.23,0
06-24-2015,48.77,49.22,48.65,48.65,0
06-25-2015,48.86,48.90,48.28,48.32,0
06-26-2015,48.40,48.62,48.24,48.49,0
06-29-2015,47.24,47.61,46.50,46.55,0
06-30-2015,47.13,47.45,46.61,46.85,0
07-01-2015,47.66,47.77,47.21,47.50,0
07-02-2015,47.59,47.87,47.29,47.50,0
07-06-2015,47.07,47.47,46.98,47.39,0
07-07-2015,47.37,47.51,46.21,47.31,0
07-08-2015,46.92,47.23,46.33,46.37,0
07-09-2015,47.18,47.26,46.60,46.66,0
07-10-2015,47.43,47.55,46.99,47.20,0
07-13-2015,47.80,47.99,47.67,47.97,0
07-14-2015,47.61,48.46,47.54,48.35,0
07-15-2015,48.63,49.34,48.49,48.98,0
07-16-2015,49.41,49.51,49.17,49.35,0
07-17-2015,49.11,49.18,48.66,49.08,0
07-20-2015,49.13,49.41,49.02,49.18,0
07-21-2015,49.15,49.48,48.90,49.09,0
07-22-2015,49.20,49.69,49.13,49.62,0
07-23-2015,50.10,50.13,49.48,49.61,0
07-24-2015,49.58,49.73,49.14,49.21,0
07-27-2015,48.91,49.25,48.78,49.01,0
07-28-2015,49.14,49.25,48.61,48.83,0
07-29-2015,48.89,49.38,48.72,49.22,0
07-30-2015,49.16,49.47,49.03,49.44,0
07-31-2015,49.66,49.68,49.25,49.32,0
08-03-2015,49.55,49.55,49.02,49.40,0
08-04-2015,49.27,49.64,49.21,49.32,0
08-05-2015,49.66,49.86,49.35,49.51,0
08-06-2015,49.49,49.77,49.26,49.38,0
08-07-2015,49.42,49.69,48.92,49.32,0
08-10-2015,49.46,49.63,49.35,49.59,0
08-11-2015,48.93,49.23,48.69,48.91,0
08-12-2015,48.81,48.86,48.15,48.64,0
08-13-2015,48.57,48.93,48.46,48.70,0
08-14-2015,48.92,49.37,48.86,49.34,0
08-17-2015,48.93,49.38,48.84,49.24,0
08-18-2015,49.20,49.50,49.07,49.33,0
08-19-2015,49.19,49.45,48.88,48.99,0
08-20-2015,48.39,48.50,48.06,48.07,0
08-21-2015,47.25,47.67,45.96,45.97,0
08-24-2015,41.46,45.27,40.09,43.39,0
08-25-2015,45.72,45.81,42.37,42.39,0
08-26-2015,43.91,44.71,42.99,44.61,0
08-27-2015,45.55,46.18,45.03,46.11,0
08-28-2015,45.73,45.90,45.06,45.53,0
08-31-2015,45.72,45.87,45.40,45.65,0
09-01-2015,44.22,44.42,42.73,43.17,0
09-02-2015,44.71,44.71,43.56,44.24,0
09-03-2015,44.47,45.05,44.31,44.51,0
09-04-2015,44.07,44.09,43.09,43.59,0
09-08-2015,44.92,45.23,44.29,45.18,0
09-09-2015,45.86,45.94,44.36,44.52,0
09-10-2015,44.48,45.22,44.22,44.94,0
09-11-2015,44.83,45.13,44.54,45.09,0
09-14-2015,45.19,45.43,44.98,45.32,0
09-15-2015,45.58,46.28,45.37,45.98,0
09-16-2015,45.90,46.25,45.32,46.09,0
09-17-2015,46.06,46.26,44.49,44.66,0
09-18-2015,43.61,43.81,43.07,43.39,0
09-21-2015,44.17,44.39,43.85,44.20,0
09-22-2015,43.69,43.96,43.19,43.52,0
09-23-2015,43.69,43.75,43.33,43.60,0
09-24-2015,42.95,43.50,42.67,43.38,0
09-25-2015,44.15,44.63,43.88,44.27,0
09-28-2015,43.87,44.09,43.05,43.21,0
09-29-2015,43.41,43.87,42.97,43.80,0
09-30-2015,44.39,44.47,43.52,44.12,0
10-01-2015,44.49,44.82,43.92,44.42,0
10-02-2015,43.28,44.23,42.55,44.20,0
10-05-2015,44.48,45.29,44.29,45.14,0
10-06-2015,45.04,45.38,44.79,44.90,0
10-07-2015,45.21,45.43,44.66,44.92,0
10-08-2015,44.96,45.30,44.53,45.25,0
10-09-2015,45.70,45.75,44.72,44.87,0
10-12-2015,44.85,45.14,44.50,44.91,0
10-13-2015,44.78,45.05,44.48,44.63,0
10-14-2015,44.25,44.44,43.35,44.07,0
10-15-2015,44.58,45.26,44.37,45.25,0
10-16-2015,45.48,45.52,44.87,45.23,0
10-19-2015,45.11,45.35,44.82,44.92,0
10-20-2015,45.02,45.65,44.98,45.45,0
10-21-2015,45.41,46.18,45.40,45.48,0
10-22-2015,45.97,46.96,45.97,46.59,0
10-23-2015,46.78,47.22,46.57,47.17,0
10-26-2015,46.94,46.98,46.37,46.49,0
10-27-2015,46.23,46.56,46.08,46.37,0
10-28-2015,46.57,47.75,46.50,47.71,0
10-29-2015,47.64,47.81,47.19,47.36,0
10-30-2015,47.42,47.42,46.44,46.55,0
11-02-2015,46.53,47.29,46.45,47.13,0
11-03-2015,46.94,47.39,46.73,47.18,0
11-04-2015,47.32,47.50,47.15,47.34,0
11-05-2015,47.06,47.76,47.06,47.55,0
11-06-2015,48.43,48.71,47.97,48.25,0
11-09-2015,49.16,49.30,48.27,48.59,0
11-10-2015,48.28,48.90,48.21,48.85,0
11-11-2015,49.18,49.22,48.59,48.87,0
11-12-2015,48.63,48.85,48.30,48.30,0
11-13-2015,48.20,48.53,47.55,47.78,0
11-16-2015,47.67,48.42,47.59,48.42,0
11-17-2015,48.49,48.64,48.03,48.14,0
11-18-2015,48.09,48.76,48.00,48.67,0
11-19-2015,48.76,49.05,48.47,48.95,0
11-20-2015,49.32,49.32,48.80,48.90,0
11-23-2015,48.94,49.08,48.62,48.66,0
11-24-2015,48.21,48.54,47.97,48.35,0
11-25-2015,48.62,48.67,48.28,48.39,0
11-27-2015,48.50,48.63,48.16,48.55,0
11-30-2015,48.51,48.72,48.17,48.17,0
12-01-2015,48.48,48.73,48.26,48.67,0
12-02-2015,48.66,48.66,47.90,47.98,0
12-03-2015,48.00,48.09,46.96,47.12,0
12-04-2015,47.39,48.72,47.22,48.52,0
12-07-2015,48.47,48.57,48.06,48.44,0
12-08-2015,47.92,48.13,47.25,47.37,0
12-09-2015,47.16,47.94,46.77,47.16,0
12-10-2015,47.29,47.98,46.94,47.37,0
12-11-2015,46.51,46.97,46.07,46.38,0
12-14-2015,46.40,46.63,45.86,46.28,0
12-15-2015,46.92,48.14,46.90,47.94,0
12-16-2015,48.23,49.02,47.85,48.84,0
12-17-2015,48.97,49.09,48.36,48.36,0
12-18-2015,47.93,48.07,46.78,46.78,0
12-21-2015,47.23,47.45,46.51,46.96,0
12-22-2015,47.26,47.40,46.64,47.24,0
12-23-2015,47.65,48.09,47.52,48.07,0
12-24-2015,47.90,48.02,47.65,47.76,0
12-28-2015,47.59,47.81,47.23,47.72,0
12-29-2015,47.86,48.09,47.75,48.04,0
12-30-2015,48.08,48.11,47.62,47.72,0
12-31-2015,47.35,47.76,47.07,47.20,0
01-04-2016,46.12,46.29,45.37,45.95,0
01-05-2016,46.00,46.32,45.63,45.96,0
01-06-2016,45.16,45.63,44.88,44.93,0
01-07-2016,44.03,44.20,43.21,43.45,0
01-08-2016,43.94,43.99,42.67,42.76,0
01-11-2016,43.36,43.49,42.84,43.27,0
01-12-2016,43.94,44.55,43.53,44.40,0
01-13-2016,44.98,45.04,42.86,43.08,0
01-14-2016,43.28,44.16,42.83,43.81,0
01-15-2016,41.95,42.94,41.51,42.17,0
01-19-2016,42.62,42.90,41.43,41.64,0
01-20-2016,40.77,41.68,40.39,41.33,0
01-21-2016,41.48,42.44,41.36,41.46,0
01-22-2016,42.27,42.49,41.82,42.26,0
01-25-2016,42.21,42.28,40.99,41.03,0
01-26-2016,41.11,41.88,41.03,41.60,0
01-27-2016,41.58,42.53,41.42,41.84,0
01-28-2016,42.34,42.62,41.87,42.17,0
01-29-2016,42.59,43.50,42.47,43.48,0
02-01-2016,43.32,43.38,42.78,43.15,0
02-02-2016,42.49,42.55,42.04,42.09,0
02-03-2016,42.08,42.14,40.23,41.27,0
02-04-2016,41.22,42.37,41.19,42.03,0
02-05-2016,41.99,42.28,41.27,41.52,0
02-08-2016,40.84,41.06,39.84,40.26,0
02-09-2016,39.38,40.48,39.14,40.19,0
02-10-2016,40.60,40.92,39.86,39.92,0
02-11-2016,38.69,39.26,38.28,38.91,0
02-12-2016,39.76,41.12,39.73,41.05,0
02-16-2016,41.73,42.07,41.27,41.91,0
02-17-2016,42.28,42.57,41.65,41.78,0
02-18-2016,41.68,41.73,41.10,41.34,0
02-19-2016,41.04,41.77,40.98,41.70,0
02-22-2016,42.28,42.77,42.28,42.62,0
02-23-2016,42.32,42.36,41.47,41.58,0
02-24-2016,40.98,41.30,40.23,41.24,0
02-25-2016,41.33,41.76,41.33,41.37,0
02-26-2016,41.74,42.12,41.45,41.68,0
02-29-2016,41.63,41.63,40.56,40.57,0
03-01-2016,40.78,42.29,40.78,42.29,0
03-02-2016,42.45,43.15,42.23,43.15,0
03-03-2016,43.18,43.33,42.65,43.31,0
03-04-2016,43.56,44.02,43.25,43.66,0
03-07-2016,43.33,43.70,43.02,43.62,0
03-08-2016,43.18,43.23,42.52,42.65,0
03-09-2016,42.84,42.96,42.01,42.28,0
03-10-2016,42.42,42.60,41.48,42.01,0
03-11-2016,42.59,43.56,42.37,43.50,0
03-14-2016,43.43,43.53,42.93,43.35,0
03-15-2016,42.78,43.44,42.69,43.43,0
03-16-2016,43.15,43.67,42.71,42.95,0
03-17-2016,42.85,43.33,42.28,43.14,0
03-18-2016,43.81,44.06,43.33,43.91,0
03-21-2016,43.75,43.99,43.44,43.91,0
03-22-2016,43.47,43.83,43.27,43.63,0
03-23-2016,43.45,43.59,42.99,43.04,0
03-24-2016,42.34,42.39,41.86,42.22,0
03-28-2016,42.31,42.31,41.84,41.98,0
03-29-2016,41.83,41.86,41.09,41.29,0
03-30-2016,41.58,42.30,41.33,41.82,0
03-31-2016,41.77,41.99,41.45,41.54,0
04-01-2016,41.47,41.80,41.03,41.68,0
04-04-2016,41.65,41.89,41.44,41.73,0
04-05-2016,41.60,41.61,41.01,41.05,0
04-06-2016,40.94,41.65,40.78,41.60,0
04-07-2016,41.24,41.31,40.20,40.50,0
04-08-2016,40.83,41.12,40.47,40.56,0
04-11-2016,40.64,41.21,40.53,40.56,0
04-12-2016,40.65,41.31,40.47,41.26,0
04-13-2016,41.56,42.47,41.54,42.27,0
04-14-2016,41.35,42.30,41.22,41.82,0
04-15-2016,41.69,41.99,41.15,41.33,0
04-18-2016,41.05,41.92,41.00,41.88,0
04-19-2016,42.01,42.88,41.98,42.84,0
04-20-2016,42.93,43.45,42.72,43.38,0
04-21-2016,43.48,43.70,42.89,43.00,0
04-22-2016,43.00,43.66,43.00,43.55,0
04-25-2016,43.25,43.53,43.07,43.44,0
04-26-2016,43.68,44.14,43.62,44.07,0
04-27-2016,44.01,44.52,43.86,44.06,0
04-28-2016,43.73,44.13,43.43,43.64,0
04-29-2016,43.68,43.68,42.94,43.22,0
05-02-2016,43.07,43.47,42.95,43.37,0
05-03-2016,42.67,42.93,42.36,42.80,0
05-04-2016,42.26,42.47,41.90,42.15,0
05-05-2016,42.18,42.39,41.98,42.17,0
05-06-2016,41.93,42.32,41.87,42.23,0
05-09-2016,42.23,42.42,42.02,42.09,0
05-10-2016,42.21,42.70,42.21,42.59,0
05-11-2016,42.55,42.90,42.28,42.28,0
05-12-2016,42.76,42.99,42.48,42.63,0
05-13-2016,42.53,42.85,41.68,41.70,0
05-16-2016,42.01,42.50,41.83,42.15,0
05-17-2016,41.90,41.93,41.33,41.40,0
05-18-2016,41.41,42.42,41.36,42.35,0
05-19-2016,42.07,42.57,41.80,42.01,0
05-20-2016,42.28,42.85,42.22,42.40,0
05-23-2016,42.32,42.44,41.93,42.27,0
05-24-2016,42.60,42.91,42.26,42.75,0
05-25-2016,42.97,44.17,42.90,43.86,0
05-26-2016,43.80,43.93,43.68,43.83,0
05-27-2016,44.05,44.30,43.94,44.29,0
05-31-2016,44.25,44.42,43.74,43.96,0
06-01-2016,43.78,44.53,43.69,44.49,0
06-02-2016,44.39,44.54,44.15,44.54,0
06-03-2016,43.62,43.76,43.08,43.64,0
06-06-2016,43.83,44.44,43.78,44.07,0
06-07-2016,44.27,44.27,43.83,43.83,0
06-08-2016,43.71,43.89,43.22,43.47,0
06-09-2016,43.02,43.05,42.25,42.53,0
06-10-2016,41.97,42.18,41.66,41.82,0
06-13-2016,41.58,41.94,41.41,41.42,0
06-14-2016,41.36,41.61,40.06,40.41,0
06-15-2016,40.92,41.20,40.41,40.45,0
06-16-2016,40.02,40.39,39.53,40.38,0
06-17-2016,40.52,40.67,40.21,40.28,0
06-20-2016,41.24,41.64,40.69,40.70,0
06-21-2016,41.00,41.05,40.50,40.94,0
06-22-2016,40.67,41.09,40.46,40.50,0
06-23-2016,39.64,39.90,39.40,39.90,0
06-24-2016,37.98,39.14,37.51,37.93,0
06-27-2016,37.42,37.54,36.74,37.23,0
06-28-2016,36.83,37.04,36.30,37.03,0
06-29-2016,37.22,37.57,36.76,37.55,0
06-30-2016,38.53,38.65,37.85,38.62,0
07-01-2016,37.76,37.95,37.54,37.71,0
07-05-2016,36.95,37.01,36.09,36.48,0
07-06-2016,36.06,36.80,35.88,36.79,0
07-07-2016,36.87,37.49,36.74,37.09,0
07-08-2016,37.81,38.27,37.81,38.14,0
07-11-2016,38.38,38.72,38.23,38.36,0
07-12-2016,38.65,38.85,38.45,38.58,0
07-13-2016,38.34,38.50,38.02,38.30,0
07-14-2016,39.71,39.81,39.35,39.61,0
07-15-2016,39.09,39.12,37.70,37.99,0
07-18-2016,38.11,38.61,38.08,38.56,0
07-19-2016,38.89,39.34,38.86,39.17,0
07-20-2016,38.86,38.96,38.68,38.88,0
07-21-2016,38.95,39.10,38.60,38.61,0
07-22-2016,38.62,38.66,38.41,38.62,0
07-25-2016,38.69,38.71,38.32,38.58,0
07-26-2016,38.89,39.03,38.67,38.83,0
07-27-2016,38.57,38.83,38.41,38.62,0
07-28-2016,38.57,38.83,38.31,38.75,0
07-29-2016,38.69,38.91,38.69,38.71,0
08-01-2016,38.67,38.74,38.34,38.51,0
08-02-2016,38.91,39.07,38.65,38.94,0
08-03-2016,38.59,38.89,38.59,38.83,0
08-04-2016,38.71,39.10,38.68,38.95,0
08-05-2016,39.50,39.80,39.25,39.78,0
08-08-2016,40.12,40.38,40.08,40.25,0
08-09-2016,40.35,40.48,40.15,40.27,0
08-10-2016,40.18,40.29,39.46,39.56,0
08-11-2016,39.59,39.85,39.29,39.60,0
08-12-2016,39.17,39.20,38.96,39.03,0
08-15-2016,39.17,39.45,39.15,39.39,0
08-16-2016,39.59,40.02,39.49,39.86,0
08-17-2016,39.76,40.04,39.70,39.99,0
08-18-2016,40.10,40.26,39.93,40.13,0
08-19-2016,39.95,40.23,39.71,40.15,0
08-22-2016,40.23,40.32,40.09,40.22,0
08-23-2016,40.04,40.14,39.79,39.81,0
08-24-2016,40.01,40.27,39.86,40.14,0
08-25-2016,40.25,40.31,39.94,40.01,0
08-26-2016,40.21,40.46,39.92,40.14,0
08-29-2016,40.14,41.11,40.08,40.93,0
08-30-2016,41.41,42.30,41.37,42.28,0
08-31-2016,42.24,42.45,41.79,42.33,0
09-01-2016,42.22,42.30,41.43,41.74,0
09-02-2016,41.95,42.16,41.69,42.05,0
09-06-2016,41.90,41.91,41.00,41.35,0
09-07-2016,41.50,41.74,41.37,41.48,0
09-08-2016,41.37,41.54,41.13,41.46,0
09-09-2016,41.29,41.65,40.54,40.54,0
09-12-2016,40.10,40.37,39.72,40.27,0
09-13-2016,39.65,39.71,38.41,38.83,0
09-14-2016,39.07,39.56,38.51,38.53,0
09-15-2016,37.64,37.86,36.74,37.67,0
09-16-2016,37.23,37.40,36.79,36.97,0
09-19-2016,36.41,37.06,36.27,36.79,0
09-20-2016,37.99,38.04,36.99,37.42,0
09-21-2016,37.12,37.15,35.97,36.46,0
09-22-2016,36.67,36.95,36.22,36.56,0
09-23-2016,36.26,36.66,36.19,36.49,0
09-26-2016,36.25,36.38,35.55,35.77,0
09-27-2016,35.69,35.99,35.56,35.98,0
09-28-2016,36.32,36.44,35.93,36.27,0
09-29-2016,35.99,36.05,35.03,35.19,0
09-30-2016,34.93,35.32,34.71,34.88,0
10-03-2016,34.16,34.20,33.61,33.87,0
10-04-2016,33.73,34.19,33.66,33.86,0
10-05-2016,33.88,35.10,33.88,35.01,0
10-06-2016,35.23,35.43,34.89,35.23,0
10-07-2016,34.90,35.15,34.64,35.03,0
10-10-2016,35.40,35.61,35.15,35.35,0
10-11-2016,35.60,35.61,34.97,35.26,0
10-12-2016,35.57,35.88,35.38,35.39,0
10-13-2016,34.84,34.84,33.91,34.37,0
10-14-2016,34.85,35.19,34.02,34.40,0
10-17-2016,34.24,34.45,34.03,34.20,0
10-18-2016,34.28,34.52,33.95,34.47,0
10-19-2016,34.27,34.93,34.27,34.66,0
10-20-2016,34.54,34.85,34.24,34.50,0
10-21-2016,34.39,34.93,34.31,34.73,0
10-24-2016,34.69,34.91,34.53,34.76,0
10-25-2016,34.82,35.14,34.76,35.06,0
10-26-2016,35.13,35.82,35.11,35.80,0
10-27-2016,35.93,36.31,35.78,35.93,0
10-28-2016,36.23,36.29,35.56,35.90,0
10-31-2016,35.87,36.03,35.48,35.49,0
11-01-2016,35.60,35.75,35.09,35.47,0
11-02-2016,35.27,35.39,34.96,35.13,0
11-03-2016,35.77,36.22,35.69,35.78,0
11-04-2016,35.71,35.77,34.86,34.96,0
11-07-2016,35.64,36.10,35.63,35.82,0
11-08-2016,35.52,36.14,35.21,35.87,0
11-09-2016,37.84,40.07,37.52,39.47,0
11-10-2016,40.37,43.31,40.24,43.02,0
11-11-2016,42.50,43.38,42.15,43.13,0
11-14-2016,43.13,45.24,43.13,44.41,0
11-15-2016,43.49,43.70,42.67,43.70,0
11-16-2016,42.50,42.87,42.07,42.39,0
11-17-2016,42.10,43.58,41.68,43.18,0
11-18-2016,43.31,43.83,42.86,43.67,0
11-21-2016,43.64,43.77,42.83,42.93,0
11-22-2016,42.88,43.03,42.27,42.67,0
11-23-2016,43.23,43.42,42.75,42.96,0
11-25-2016,43.28,43.50,42.93,43.50,0
11-28-2016,43.26,43.61,42.54,42.73,0
11-29-2016,42.68,43.24,42.68,42.97,0
11-30-2016,43.59,44.26,43.41,44.02,0
12-01-2016,44.05,45.37,43.98,45.24,0
12-02-2016,45.45,45.48,44.54,44.81,0
12-05-2016,45.11,45.72,45.08,45.55,0
12-06-2016,45.57,46.67,45.34,46.65,0
12-07-2016,46.93,48.63,46.61,48.62,0
12-08-2016,48.72,49.43,48.15,48.72,0
12-09-2016,48.68,49.00,48.27,48.90,0
12-12-2016,48.41,48.99,47.48,47.70,0
12-13-2016,47.70,48.05,47.15,47.69,0
12-14-2016,46.99,47.85,46.30,46.95,0
12-15-2016,47.37,48.43,47.11,47.39,0
12-16-2016,47.43,47.58,46.87,47.28,0
12-19-2016,47.19,47.48,46.67,47.23,0
12-20-2016,47.38,48.21,47.07,48.00,0
12-21-2016,48.07,48.07,47.63,47.70,0
12-22-2016,47.67,47.93,47.41,47.66,0
12-23-2016,47.91,48.11,47.75,48.09,0
12-27-2016,47.99,48.18,47.93,48.04,0
12-28-2016,48.06,48.16,47.36,47.41,0
12-29-2016,47.24,47.51,46.55,46.90,0
12-30-2016,46.73,47.19,46.63,46.95,0
01-03-2017,46.65,47.32,46.45,46.98,0
01-04-2017,47.36,47.50,46.82,47.25,0
01-05-2017,46.77,47.10,45.78,46.47,0
01-06-2017,46.42,46.72,45.87,46.21,0
01-09-2017,45.85,45.98,45.36,45.42,0
01-10-2017,46.61,47.42,46.52,46.88,0
01-11-2017,47.03,47.22,46.16,47.22,0
01-12-2017,47.13,47.25,46.39,46.98,0
01-13-2017,47.09,48.15,46.64,47.28,0
01-17-2017,46.81,46.96,45.61,45.81,0
01-18-2017,45.47,45.97,45.04,45.95,0
01-19-2017,45.91,46.43,45.54,46.25,0
01-20-2017,46.41,46.76,46.28,46.73,0
01-23-2017,46.30,46.59,45.75,45.85,0
01-24-2017,46.02,46.72,45.80,46.35,0
01-25-2017,47.27,48.69,47.17,48.48,0
01-26-2017,48.93,49.63,48.91,49.49,0
01-27-2017,49.33,49.41,48.72,48.90,0
01-30-2017,48.47,48.67,48.11,48.43,0
01-31-2017,48.37,48.76,48.19,48.71,0
02-01-2017,49.37,49.89,48.61,48.75,0
02-02-2017,48.44,48.83,48.28,48.62,0
02-03-2017,49.83,50.23,49.38,50.21,0
02-06-2017,49.99,50.32,49.41,49.47,0
02-07-2017,49.69,50.01,49.10,49.17,0
02-08-2017,49.24,49.24,48.21,48.66,0
02-09-2017,48.92,49.70,48.61,49.66,0
02-10-2017,49.96,49.98,49.61,49.81,0
02-13-2017,49.76,50.20,49.59,49.77,0
02-14-2017,49.82,50.68,49.68,50.66,0
02-15-2017,50.78,51.67,50.57,51.22,0
02-16-2017,50.95,50.95,50.11,50.72,0
02-17-2017,49.84,50.35,49.71,50.34,0
02-21-2017,50.53,50.90,50.18,50.53,0
02-22-2017,50.26,50.84,50.26,50.62,0
02-23-2017,51.00,51.16,50.64,51.06,0
02-24-2017,49.98,50.19,49.61,50.09,0
02-27-2017,50.53,50.97,50.43,50.78,0
02-28-2017,50.45,50.78,50.19,50.34,0
03-01-2017,51.46,52.33,51.45,52.08,0
03-02-2017,52.13,52.14,50.93,51.07,0
03-03-2017,51.28,51.66,51.10,51.32,0
03-06-2017,51.09,51.43,50.74,51.16,0
03-07-2017,50.98,51.07,50.58,50.86,0
03-08-2017,51.50,51.67,50.72,50.77,0
03-09-2017,51.02,51.44,50.78,51.27,0
03-10-2017,51.56,51.75,51.10,51.43,0
03-13-2017,51.60,51.80,51.29,51.47,0
03-14-2017,51.26,51.57,51.02,51.53,0
03-15-2017,51.72,52.13,51.19,51.54,0
03-16-2017,51.72,52.26,51.62,52.17,0
03-17-2017,52.20,52.24,51.36,51.51,0
03-20-2017,51.34,51.34,50.51,50.52,0
03-21-2017,50.92,50.95,48.65,48.87,0
03-22-2017,48.38,48.41,47.71,48.18,0
03-23-2017,48.09,48.84,47.84,48.11,0
03-24-2017,48.44,48.98,48.16,48.76,0
03-27-2017,47.34,48.27,46.95,48.09,0
03-28-2017,48.21,49.10,48.10,48.81,0
03-29-2017,48.90,49.05,48.52,48.63,0
03-30-2017,48.61,49.35,48.54,49.17,0
03-31-2017,48.59,48.74,48.19,48.23,0
04-03-2017,48.08,48.19,47.18,47.87,0
04-04-2017,47.77,47.80,47.45,47.67,0
04-05-2017,48.23,48.63,47.38,47.43,0
04-06-2017,47.41,48.10,47.17,47.83,0
04-07-2017,47.40,47.77,47.08,47.31,0
04-10-2017,47.25,47.51,46.59,46.81,0
04-11-2017,46.47,46.50,45.52,46.40,0
04-12-2017,46.32,46.39,45.43,45.50,0
04-13-2017,44.15,45.08,43.70,43.70,0
04-17-2017,44.00,45.10,43.62,45.07,0
04-18-2017,44.40,44.70,44.13,44.49,0
04-19-2017,45.02,45.27,44.20,44.30,0
04-20-2017,44.86,45.72,44.57,45.63,0
04-21-2017,45.66,46.10,45.22,45.27,0
04-24-2017,46.26,46.45,45.71,45.77,0
04-25-2017,46.38,47.13,46.34,46.61,0
04-26-2017,46.68,47.14,46.44,46.62,0
04-27-2017,46.67,46.78,46.05,46.57,0
04-28-2017,46.61,46.86,46.02,46.13,0
05-01-2017,46.39,47.03,46.26,46.74,0
05-02-2017,46.59,46.74,46.20,46.67,0
05-03-2017,46.52,47.39,46.46,47.35,0
05-04-2017,48.12,48.45,47.72,48.03,0
05-05-2017,48.10,48.24,47.73,47.96,0
05-08-2017,47.77,47.94,47.40,47.69,0
05-09-2017,47.70,47.93,47.02,47.25,0
05-10-2017,46.94,47.41,46.87,47.23,0
05-11-2017,46.79,46.93,45.58,46.25,0
05-12-2017,45.81,45.83,45.05,45.53,0
05-15-2017,45.79,46.14,45.75,46.04,0
05-16-2017,45.88,45.92,45.44,45.75,0
05-17-2017,44.76,45.37,44.38,44.96,0
05-18-2017,44.80,45.45,44.45,44.87,0
05-19-2017,45.06,45.83,44.88,45.55,0
05-22-2017,45.76,45.81,44.99,45.50,0
05-23-2017,45.50,46.04,45.34,45.88,0
05-24-2017,46.20,46.32,45.52,45.81,0
05-25-2017,46.02,46.02,45.35,45.56,0
05-26-2017,45.40,45.58,45.14,45.18,0
05-30-2017,44.68,45.02,44.43,44.68,0
05-31-2017,44.96,44.98,43.57,43.88,0
06-01-2017,44.34,45.01,43.87,44.88,0
06-02-2017,44.30,44.86,44.16,44.44,0
06-05-2017,44.44,44.90,44.39,44.45,0
06-06-2017,44.13,44.83,44.05,44.62,0
06-07-2017,44.48,44.94,44.34,44.72,0
06-08-2017,44.58,45.61,44.47,45.14,0
06-09-2017,45.62,46.70,45.56,46.55,0
06-12-2017,46.62,47.22,46.58,46.73,0
06-13-2017,46.91,47.25,46.84,47.01,0
06-14-2017,46.73,47.28,46.21,47.17,0
06-15-2017,46.74,47.15,46.52,46.61,0
06-16-2017,46.58,46.89,46.30,46.54,0
06-19-2017,46.85,47.18,46.66,46.78,0
06-20-2017,47.12,47.16,46.49,46.52,0
06-21-2017,46.19,46.20,45.53,45.71,0
06-22-2017,45.53,45.62,44.95,45.22,0
06-23-2017,45.31,45.44,44.94,45.06,0
06-26-2017,44.45,45.14,44.31,44.62,0
06-27-2017,45.08,45.71,44.96,45.22,0
06-28-2017,45.88,46.69,45.79,46.60,0
06-29-2017,47.71,48.65,47.27,47.84,0
06-30-2017,48.09,48.11,47.22,47.47,0
07-03-2017,47.51,48.14,47.41,47.48,0
07-05-2017,46.99,47.04,46.36,46.80,0
07-06-2017,47.48,47.81,47.00,47.06,0
07-07-2017,47.18,47.23,46.65,47.14,0
07-10-2017,47.07,47.35,46.88,47.13,0
07-11-2017,47.20,47.25,46.36,46.58,0
07-12-2017,46.29,46.60,45.97,46.53,0
07-13-2017,46.78,47.19,46.58,47.12,0
07-14-2017,45.62,46.50,45.43,46.29,0
07-17-2017,46.46,46.54,46.01,46.28,0
07-18-2017,45.70,46.30,45.62,46.18,0
07-19-2017,46.20,46.61,46.09,46.34,0
07-20-2017,46.37,46.72,46.10,46.29,0
07-21-2017,46.08,46.26,45.75,45.82,0
07-24-2017,45.71,46.02,45.65,45.88,0
07-25-2017,46.60,47.01,46.51,46.66,0
07-26-2017,47.07,47.08,46.56,46.66,0
07-27-2017,46.96,47.06,46.50,46.82,0
07-28-2017,46.25,46.51,45.13,45.25,0
07-31-2017,45.28,46.08,45.26,45.80,0
08-01-2017,46.11,46.27,45.73,45.96,0
08-02-2017,45.90,46.32,45.81,45.98,0
08-03-2017,45.30,45.46,45.14,45.20,0
08-04-2017,45.82,45.85,44.06,44.99,0
08-07-2017,45.53,45.75,45.23,45.34,0
08-08-2017,45.06,46.04,44.96,45.45,0
08-09-2017,45.03,45.56,44.89,45.54,0
08-10-2017,45.05,45.38,44.58,44.61,0
08-11-2017,44.50,44.88,44.41,44.61,0
08-14-2017,44.89,45.61,44.86,45.36,0
08-15-2017,45.90,46.06,45.53,45.55,0
08-16-2017,45.60,45.80,45.05,45.28,0
08-17-2017,45.25,45.41,44.57,44.58,0
08-18-2017,44.43,44.94,44.18,44.48,0
08-21-2017,44.13,44.30,43.79,44.21,0
08-22-2017,44.34,44.66,44.31,44.61,0
08-23-2017,44.15,44.80,44.12,44.35,0
08-24-2017,44.51,44.85,44.35,44.48,0
08-25-2017,44.22,44.52,43.71,43.72,0
08-28-2017,44.20,44.27,43.67,43.88,0
08-29-2017,44.82,45.11,44.74,45.03,0
08-30-2017,44.99,45.27,44.73,44.89,0
08-31-2017,44.63,44.87,44.50,44.70,0
09-01-2017,44.53,44.96,44.40,44.44,0
09-05-2017,44.38,44.42,43.51,43.85,0
09-06-2017,44.00,44.02,43.31,43.63,0
09-07-2017,43.63,43.63,42.96,43.37,0
09-08-2017,42.57,42.94,42.39,42.54,0
09-11-2017,43.08,43.88,43.02,43.74,0
09-12-2017,43.79,44.67,43.78,44.51,0
09-13-2017,44.70,44.82,44.49,44.77,0
09-14-2017,44.87,45.05,44.41,44.62,0
09-15-2017,44.47,44.87,44.44,44.85,0
09-18-2017,44.92,46.09,44.86,45.96,0
09-19-2017,46.10,46.97,45.91,46.74,0
09-20-2017,46.87,47.59,46.76,47.23,0
09-21-2017,47.10,47.79,47.07,47.61,0
09-22-2017,47.54,47.98,47.37,47.87,0
09-25-2017,47.83,48.08,47.31,47.79,0
09-26-2017,47.73,47.91,47.39,47.43,0
09-27-2017,48.07,48.13,47.65,47.81,0
09-28-2017,47.99,48.03,47.44,47.95,0
